2 2 4.82280922680172 0.37331047584452 71.5965640595181 18.432724228224 1708.09957915403 923.035368884285 48297.0457941717 44404.9963514037 1707851.57986324 2011213.52621659 59605477.621918 85452354.5704299 2099622587.96002 2933306721.58403 4946113527.25148 2309173346.77565 
2 2.53494 4.01059333823295 0.239985039248131 48.9545312517262 8.34432289711608 1000.76541541588 345.083914098046 25803.4106246709 14643.0465350419 684377.131087809 579921.572813735 17072321.090015 20157582.5040772 462345046.06192 624104531.051464 18632548964.8087 12527454080.144 
2 3.21296 3.26824051751011 0.163544064651414 30.0473804581445 5.2433582412116 455.549236488998 164.569670022004 9093.84289755233 5390.23773398331 199472.935573056 171983.82428663 4465722.93588363 4993945.42743199 113233523.920114 129773484.951409 2330409518.74604 3039492777.14307 
2 4.07234 2.67187904172287 0.10163023527181 20.0474325278403 2.50781741608593 248.026758116977 68.3658256557145 4138.45837490237 2027.68144010592 80216.1443471022 61151.9071739419 1656516.85361769 1777385.75165094 40524539.4949421 49898524.4627334 1125631497.45706 1323216239.53692 
2 5.16157 2.17248669737933 0.0807331041516968 13.1125984538951 1.89726365880164 134.875221015354 56.2613871030308 2060.39324656914 1981.16763049271 42021.4946278442 75231.0574096717 1070457.59943133 2893441.59720341 34613323.555236 113970592.70734 2547734160.00212 6172308229.62875 
2 6.54213 1.75694825392354 0.0438080813800548 8.21129375693147 0.659015607116683 60.1133206977 11.5794968183413 591.527319991573 254.466729018595 7183.53357541373 6576.72310140682 102093.354410447 180309.193789425 1959047.00407556 5304399.838934 218727947.295465 362382896.120113 
2 8.29196 1.42744368283756 0.0254067550850664 5.26907961578089 0.353337328416867 29.1542794990668 4.89302681127248 208.484424562281 71.0255256062073 1771.25842320252 1056.55684248666 16620.6549309236 15511.1300643726 195505.887586992 221867.750621664 -1 -0 
2 10.5098 1.15123094944671 0.0215353833152016 3.4460974279012 0.2229439895896 15.1930878601566 2.45766350068198 85.2719185682019 28.0799998735391 560.842183127101 321.726783214228 4073.03440315408 3573.22836048191 38446.4936420506 37741.7674283094 -1 -0 
2 13.3209 0.912238939186051 0.014492194486236 2.17692122518222 0.110522070052006 7.5857719715642 0.907424245625143 33.1058264473475 7.97828969988222 166.436917045565 73.1736699810505 892.386091730854 680.852213155781 6182.35468227676 6105.48785598638 -1 -0 
2 16.8838 0.720122794328276 0.00974247520363272 1.37478862949153 0.0558316198566074 3.75621747860545 0.366281871740866 12.4417051138563 2.58610746506081 45.519782863053 19.103273804315 177.787089730959 137.985279291083 956.444700342165 1006.01913209841 -1 -0 
2 21.3997 0.560420126526353 0.005892558348076 0.865540900918559 0.0260439648437392 1.94624843290223 0.142497842672861 5.30427326597603 0.846770911754433 15.6416571997111 5.01962872873199 44.0231461357952 28.9024741846193 166.81797592431 160.821419834625 -1 -0 
2 27.1236 0.428541284886299 0.00466688629370972 0.534529623768069 0.0188761183484818 1.01381340372802 0.0820591707311214 2.38664699017355 0.357289848428517 6.04216432001314 1.53800543979774 13.5809168834647 6.44852762931644 27.533480600362 19.6273982504703 -1 -0 
2 34.3783 0.32487253093271 0.00361171584729493 0.324962420820864 0.0115592397606614 0.50478448449847 0.038572686827414 0.966426378522822 0.131057816429859 1.91210072885315 0.441283540149313 2.96953561882339 1.35927679757065 3.32338317348454 3.2702946411028 -1 -0 
2 43.5735 0.239949186351034 0.0026842524116566 0.190231615306568 0.00637275282023852 0.245391509223737 0.0174571624210167 0.397052259267132 0.0516970396301135 0.665867486754951 0.152900356490047 0.87198987930669 0.429318371437562 0.744341289748778 0.709040576527767 -1 -0 
2 55.2281 0.1755347137445 0.0022427242552309 0.11102885448573 0.00430261102093748 0.120448019595729 0.010059129465383 0.167680041052558 0.0246231119150586 0.247921287707162 0.0605494752386027 0.316962057682913 0.149259243478222 0.404025652728226 0.297148334302233 -1 -0 
2.53494 2 4.75426542646344 0.330029428681932 69.4674416329552 14.4111149994581 1627.18810393936 839.020998172337 49498.3494146887 54133.9457286296 1788312.28317272 3394007.29691409 93001390.7239275 216264449.45764 6888951728.84642 13740205920.666 311047289679.983 572862932575.548 
2.53494 2.53494 3.84177755861764 0.220421639104861 45.3096623182821 8.32267521553448 903.904341192905 344.731918432269 23667.32610512 15179.5098687908 689057.838174741 668566.916384771 22337539.9768294 28147038.0843258 927393978.658423 1159715384.87248 39005339925.6936 41215289930.5631 
2.53494 3.21296 3.21827798058633 0.120955699425086 30.0923056665393 3.87918543269227 453.996619922798 127.686563706484 8851.7118852045 4296.37676734715 191225.011507835 138533.291307214 4257005.40721817 4125944.81003889 102554427.241621 113742630.13251 3035132714.9472 2914831479.60048 
2.53494 4.07234 2.6455566816203 0.0893168259955722 19.5782781525216 2.023814706712 233.389603152585 55.126941405364 3684.4412779936 1592.67778939658 67903.1417689297 45950.2576727201 1335129.28552386 1294417.08687633 31860072.4134195 35519736.5899569 1191170446.62003 867567786.613149 
2.53494 5.16157 2.13354268627552 0.0717341773381792 12.5032604748148 1.25419383806261 117.432168599852 24.7074093971358 1470.88885077131 532.670384428819 21629.3087421487 11830.3423508215 346410.273682518 259761.689156664 5351881.2158168 5586597.48019796 137907338.189562 100988752.867238 
2.53494 6.54213 1.75018255123461 0.0461020180142966 8.26759998300646 0.760050951125661 61.7276716376795 12.8951216204044 618.111794227619 229.093874203928 7404.62520091698 4172.91015346969 96837.8328915072 75847.1160976571 1387673.27565276 1336455.5336285 22266793.1194523 14687715.2361244 
2.53494 8.29196 1.40543782441284 0.0273311767409612 5.2258427537068 0.299034600677566 29.8689530999573 4.26392524634084 227.704814226885 71.1214633911793 2136.63997925451 1291.16023905523 23250.1687416746 23985.4469718529 284857.364125732 440177.530078265 -1 -0 
2.53494 10.5098 1.13233313625834 0.0161299589411141 3.32957450641239 0.138589753873812 14.446713650381 1.46220345106773 80.1845182982125 17.4919476942088 525.229351083339 212.952938695263 3756.84310802403 2536.4046075087 29062.4820816317 28533.839818329 -1 -0 
2.53494 13.3209 0.900948404080964 0.013262032166663 2.1384008780881 0.0963249195884801 7.4859431073294 0.820663747075601 33.5945695612248 7.80845511956802 180.979626121617 78.1677760582557 1106.43575448624 791.672547559872 8870.18120551901 7663.49218436063 -1 -0 
2.53494 16.8838 0.713737313549864 0.00951949176773356 1.36345038472771 0.0529744894078441 3.78453577139343 0.349278081555686 12.9322964206947 2.50461871612327 49.6166766184887 18.3895010045499 194.96831608112 134.155416381262 937.520301555009 918.520664641154 -1 -0 
2.53494 21.3997 0.556486446727951 0.00770921991688073 0.854301609091508 0.0333367061957645 1.90664268304948 0.160369417339199 5.13910907818195 0.805223156909451 14.7936711627887 3.9910061998932 38.0031723931175 18.8937672842249 80.6758176392133 63.1819304941238 -1 -0 
2.53494 27.1236 0.425768907601279 0.00512721626697092 0.527586638181133 0.0181916628143892 0.985571938190621 0.0706908914586084 2.26890093209211 0.295446988035541 5.59789237281377 1.27245699874392 12.1586188367132 5.40608199834445 21.9301486846186 17.6150567706295 -1 -0 
2.53494 34.3783 0.32216035069397 0.0036128524903709 0.318917293000981 0.0113074010495593 0.488965460189614 0.0393065124070019 0.923383887192667 0.136220876677469 1.802385144268 0.457817514179248 2.70531973114472 1.43057691202157 3.0119940183457 2.68719546039971 -1 -0 
2.53494 43.5735 0.238796605374431 0.00294943357082576 0.190016004863901 0.00759643363763431 0.247913579732669 0.020968622766686 0.408732294628289 0.0602622354528606 0.706783275081397 0.171651887143087 0.99828294484305 0.462184306550954 1.00926115999456 0.501659681015578 -1 -0 
2.53494 55.2281 0.174377946147128 0.00228049239371372 0.109340097830946 0.00507178785572611 0.117621387741993 0.0115934277009514 0.162901143027558 0.0273634384630556 0.240572917265966 0.0656720917097381 0.307494203574102 0.1540058334167 0.331377781294779 0.284300734662431 -1 -0 
3.21296 2 4.61677758657265 0.285907729724426 71.0850859741769 17.1114904572071 1943.87006639742 1272.1923639343 75104.5693460156 98622.2715004896 3538222.09755286 7276329.04825471 192842933.691564 507311366.935986 14874119283.7425 37248985600.3588 1256373952021.46 2535249819554.42 
3.21296 2.53494 3.84095621783705 0.19133707766581 45.6211813585974 7.30314392208354 894.773286655057 318.401144269761 22998.7039852188 15559.0019164931 687885.92907614 789248.197175986 22413341.6898268 39167998.2148135 965490908.036039 2015358948.64368 55158523209.3458 107581679800.254 
3.21296 3.21296 3.1642079740358 0.136118632081343 29.989810815342 4.18823892816993 464.311202780946 136.11949624099 9455.99207967753 4790.951827975 223596.054900012 178346.501651917 5638742.13151088 6855512.46431344 157520989.601435 272821603.320858 5310515613.54152 12017495263.2239 
3.21296 4.07234 2.55215144729747 0.0890162569134367 18.5984206688937 2.2223607870703 218.73531345318 63.9515631885816 3464.57719038715 2018.14395841265 66855.9923084169 66048.0726237804 1460751.90383263 2156199.07329847 37723169.7758743 70809712.021404 1413160444.18774 2627642778.94838 
3.21296 5.16157 2.0794749530788 0.0542729139236606 12.0673148595427 1.02586575084029 115.711645090372 23.8141254786655 1541.18392924694 596.330799669463 25014.4774531718 15644.9907097948 449136.229794319 417065.11295284 8500651.15406703 10983627.6710314 273560597.864415 359515979.059736 
3.21296 6.54213 1.69456436136739 0.0334722794641686 7.85113894145533 0.588697456889507 58.4781859579109 11.0714583115668 597.744967392642 214.9643866512 7472.59271741919 4279.96866008652 104257.934876372 86515.4862626784 1514629.97680228 1749927.7046867 37695225.5172145 48882891.8285439 
3.21296 8.29196 1.37508994114578 0.0259464107692614 4.99013006019684 0.291166165451455 27.4607049097626 3.69226892165896 197.37783996061 51.5975814719284 1689.46098594548 762.937356597093 15918.6357729595 11618.0626409188 159596.503640058 178477.777745395 -1 -0 
3.21296 10.5098 1.11001560848999 0.0212183650550367 3.2587005739932 0.174380402201717 14.4773276829119 1.76374627817903 85.1428478638135 21.9470817891578 617.994155901679 288.139120064572 5174.45830544231 3729.014903799 49275.161325759 46149.3706172052 -1 -0 
3.21296 13.3209 0.891638781266081 0.0127630695097349 2.10580065534995 0.0873316985689681 7.31645970210177 0.709734669484971 32.0061312533425 6.52093661448877 161.692156425819 62.1645046634599 871.255637966257 584.791445660175 5160.43116369482 5204.52488680151 -1 -0 
3.21296 16.8838 0.700096522360022 0.0110714100083632 1.31251098045394 0.0582093564565206 3.59067231211615 0.346417877281774 12.2538285738504 2.29966668004249 47.9668928419123 16.1205234677973 202.360035808929 111.163376453666 959.92240998535 690.242304636657 -1 -0 
3.21296 21.3997 0.546780189421934 0.00628711608634058 0.832077627856668 0.0307464113177921 1.87022156077884 0.154796932486736 5.15444160728034 0.803224669712047 15.3842504415472 4.17629488405018 42.0723002753574 20.9584206026383 111.450457886969 80.0601159098273 -1 -0 
3.21296 27.1236 0.421932586205467 0.00480262738523538 0.519573642260648 0.0173014791120692 0.968066457281277 0.0695491300468444 2.23739436435715 0.287742043398667 5.59390027998696 1.19295813173812 12.5621425267872 4.81829354721399 20.3068956225351 16.4116345942497 -1 -0 
3.21296 34.3783 0.319372632893652 0.00369821845818783 0.317075586028781 0.0115467723923355 0.493355237040824 0.0386907927713849 0.954181938428728 0.132318249842049 1.93586915383648 0.442761592240642 3.21121727144024 1.36633325653507 3.08087630492012 2.42420620188259 -1 -0 
3.21296 43.5735 0.237463692952971 0.00290746424841738 0.187279182887901 0.00718082400075496 0.238903021438095 0.0184372633465166 0.378809742851243 0.048680463509813 0.613794159432472 0.12717248148498 0.739006824769567 0.318629898042524 0.553105575646711 0.290902685850393 -1 -0 
3.21296 55.2281 0.172668346759748 0.00251378927080252 0.107349062250614 0.00493392286666031 0.114155745351063 0.0109280462835324 0.155079902437934 0.0268928172572744 0.223223111087821 0.0686833802339962 0.283000532984842 0.166748991858432 0.356682878274901 0.343710831557125 -1 -0 
4.07234 2 4.4367156509943 0.228246632208847 65.0550473454155 11.850235325509 1577.07017729766 757.01160283768 53541.0366932373 54034.701408484 2335690.42598354 3811651.60993232 127048210.499535 261057897.055537 10405655515.3925 19110461590.9 821508067768.296 1241263549049.18 
4.07234 2.53494 3.62558223851938 0.166237753278771 42.5239598662717 6.37380397142672 839.688506599161 279.451682190849 21509.6536382018 12825.8992627616 621842.092123235 568517.119183571 18693789.9869554 23395804.5512235 607012700.676802 894846672.874948 27062744605.7072 33019635641.0094 
4.07234 3.21296 3.04595105764182 0.132588864127373 29.6973005365008 3.90295339283509 506.500232938288 136.078937923167 12084.1168104419 5299.541612737 347039.15283091 215007.160315377 10820122.956877 8706509.50763747 341892006.353874 341755841.067982 11509404889.6224 12830757394.1433 
4.07234 4.07234 2.48111443754257 0.0817826854351344 18.3962632488495 2.02010302153764 225.594960328475 53.9684397767836 3710.09717493404 1527.88098173287 71923.8688654961 43778.6030896564 1507620.70044907 1233311.81001346 32669828.4800156 33284740.4079219 1105429463.08051 781804375.518245 
4.07234 5.16157 2.03559342843033 0.045135044970164 12.1634242841047 0.943607433059906 121.834995208509 23.5337250675772 1690.23037635275 653.021847337977 28909.2712868176 19818.4399342918 566364.556427144 635947.11660596 12117611.0611325 20675598.9498893 444687183.277894 900975239.35605 
4.07234 6.54213 1.66021118645577 0.0364191896000469 7.62598708226948 0.558406424271971 55.679247364848 9.53484957121283 551.305585955694 179.01947681687 6735.64260394355 3577.58067653909 94423.4341558411 73374.7676730147 1486377.38349379 1498571.66547466 19787931.5966313 10495758.3273748 
4.07234 8.29196 1.3396063697017 0.0280271936019342 4.85025938483474 0.346776808056288 27.3888388780618 4.87400467688355 211.257133696926 77.9602784402968 2085.42776801279 1350.72224947536 24762.7653421401 24107.7356467038 344277.986771256 431629.721372698 -1 -0 
4.07234 10.5098 1.086534353724 0.0154237211915009 3.12878188078743 0.155902307518419 13.5832776072324 1.69464404231402 77.651871342362 20.0400406284755 543.31923967134 242.47972132755 4335.04398076395 2897.64938573538 39694.5744549948 32781.0156465128 -1 -0 
4.07234 13.3209 0.870947960429137 0.0128816535907083 2.01670692760695 0.0899063521815911 6.86525913217105 0.690073672191692 29.4839449209819 5.88684162416396 147.821688292227 54.0744980288598 811.269596688514 516.014322849501 4954.55495470168 4921.28150410619 -1 -0 
4.07234 16.8838 0.686755712928121 0.00952186721650865 1.27280760001347 0.0541382864528367 3.44504008209083 0.329335319034437 11.5612886631033 2.19689208363372 44.0178983420843 15.5167005891531 173.964216206663 110.830911798906 729.955788862515 753.228690998841 -1 -0 
4.07234 21.3997 0.538566695662797 0.00655604794576793 0.803733304120803 0.0290457789700317 1.75736483507655 0.132961961944849 4.68598012444551 0.653915443025612 13.521596500405 3.28079704767747 35.8823159061357 15.8668765933593 87.3391326044456 47.2953550015543 -1 -0 
4.07234 27.1236 0.414139907904577 0.00389512506907498 0.501719108655992 0.0157361443168397 0.915870262037017 0.064043424097929 2.06035493641691 0.264259090827351 5.0007369466663 1.11381477396714 10.9581991860727 4.72882821438211 20.7156905365022 17.0724536372911 -1 -0 
4.07234 34.3783 0.314728601227012 0.0037776672953614 0.304231156462626 0.00952357864004109 0.455586390692164 0.0286395186228988 0.843020372574724 0.0947925155963308 1.6243460471384 0.313810691324068 2.46425215001805 0.992827964742574 2.04892045043032 2.23728007627241 -1 -0 
4.07234 43.5735 0.234385455506317 0.00300179477667514 0.183856202791634 0.00736160819454949 0.234970015488406 0.0196138127729995 0.374777093570129 0.054341090166212 0.616108802457399 0.1507289982765 0.785029306242139 0.395945004262621 0.726575601912196 0.618704727844233 -1 -0 
4.07234 55.2281 0.170341748030398 0.00281901542606808 0.10456894994441 0.0051891522853758 0.109823210646203 0.0117723836668318 0.146992199286858 0.0281099665185726 0.206862730269028 0.0666665582369671 0.2441208458931 0.152763902801941 0.282007675693842 0.201880069338324 -1 -0 
5.16157 2 4.24386147667099 0.241582554471131 62.2518015539045 12.3622177588127 1547.76939632398 769.69060876953 53173.7862693413 55326.9049897252 2300525.54524882 4195429.88884817 119863400.57442 318164508.136114 7186682252.08196 23619594105.8632 579751175817.186 1865450185142.96 
5.16157 2.53494 3.49555819024789 0.160493848547579 41.239312056107 6.85717878896426 835.704409877956 304.567769481778 22789.3607019764 13673.4454643581 724047.621460526 603700.280405408 24367032.5841831 25607013.2448691 826696239.69274 1026119950.5884 33154737082.4508 39658265376.9903 
5.16157 3.21296 2.90104381270311 0.109896901533391 26.9575577629111 3.50764302606704 417.973586462087 124.97117024911 8700.72416733517 4602.46359835841 215801.711319216 170823.43052543 5891961.37001843 6240797.74365141 169989697.504548 220042704.275233 5896395767.62088 7693310865.99289 
5.16157 4.07234 2.36698095305083 0.0927949671748498 17.4604681202439 2.33148319988794 218.952695524985 61.2721544858555 3779.27085673639 1723.72728358326 79203.4003481702 51946.4460283559 1854366.38345583 1655487.65616104 45723392.5940792 54248435.3726094 1286772751.3007 1897634876.38176 
5.16157 5.16157 1.93779609757594 0.0523914127010307 11.1296019812732 0.927439806091963 104.631224758196 18.8012164969805 1311.79219249121 405.139374811559 19421.247663848 9095.97996541311 313993.675045868 211887.950093647 5238014.60879361 5068664.18888654 170529844.718345 170231200.826775 
5.16157 6.54213 1.58418130035858 0.0340191880958499 7.09403908485269 0.517309619632697 50.8951304056807 8.81258865628541 499.467647666372 173.385756544496 6168.40314715125 3802.02427933031 89972.4099744273 88306.4685345784 1463591.13292373 2093676.86751751 148539438.778815 26263609.7607604 
5.16157 8.29196 1.28994427543143 0.0242808655223675 4.56717440865948 0.277691333861666 25.2314933734894 3.60449496517708 187.307197664131 52.3365987122451 1717.32399440993 817.606218625304 18132.9710223844 13227.0342570378 207049.185348142 215788.230231005 -1 -0 
5.16157 10.5098 1.04970785367736 0.0180451784485307 2.97235269266621 0.167291060103928 12.7689865882253 1.71577089185786 71.3570066497393 18.5356300257789 475.738806307031 205.956418168253 3514.90879844694 2315.43807283238 27787.1518751685 25786.4992534867 -1 -0 
5.16157 13.3209 0.838979858605025 0.0117293233772469 1.8829001028416 0.0855356979200139 6.26892944973133 0.646131561664752 26.6519513173434 5.35451106492766 134.08882599893 47.9825522981254 747.031353710452 445.396144086509 4434.00505943746 4089.36969489135 -1 -0 
5.16157 16.8838 0.6667526314565 0.0083987203063864 1.19962340008412 0.0442456569149458 3.15102212268549 0.261389446751567 10.2281490687768 1.66278077087167 37.3423248915751 10.8673065079806 138.614590873177 69.8468377580637 535.774773251864 361.463787047941 -1 -0 
5.16157 21.3997 0.52321435922176 0.00715714233845823 0.76451471432319 0.0317453788605101 1.65471249551213 0.146122516635391 4.45205310169349 0.713176450149737 13.3561972195976 3.5464394911349 39.0436052267354 17.1675295492766 89.5794798014604 72.8566247045786 -1 -0 
5.16157 27.1236 0.40403428807302 0.00453208422361202 0.476181091479186 0.0160754548825695 0.848491898559958 0.059110028059097 1.86659572541101 0.233062798494783 4.40790897099116 0.958943377965799 9.21242437801637 3.93148242858209 15.6574450199735 11.437941411718 -1 -0 
5.16157 34.3783 0.305752296801609 0.00318081955812408 0.286580662329297 0.0106378678433598 0.418297896348832 0.0331184653345114 0.762467211661688 0.103771842706258 1.47265058874785 0.326135616235108 2.35618590378158 0.997617035768519 2.66548408218238 1.94444285278888 -1 -0 
5.16157 43.5735 0.228619228653797 0.00314464478413113 0.172035211612794 0.0077558692822242 0.209336909818467 0.0198716647694301 0.31744748788576 0.0532501288790644 0.493803547025804 0.141990290903337 0.574204730136499 0.354351517069247 0.654559494502227 0.621466520202118 -1 -0 
5.16157 55.2281 0.167270010918271 0.00330203179394273 0.100644806045172 0.00623892479309679 0.1028633383659 0.0128378674944305 0.131953012842482 0.0286433128290506 0.172330015447287 0.0647713284462961 0.186015122734361 0.129654365982491 0.211796269373676 0.195274734092129 -1 -0 
6.54213 2 4.04393795126182 0.220666617926049 61.5335696291037 10.4925859178067 1619.0945730329 603.864041061139 56994.2634843144 36507.6051232526 2336693.02950121 2190157.32193087 102319284.734576 127375365.725758 4515969019.41462 7065423895.28905 216489589995.463 382685160544.651 
6.54213 2.53494 3.2966137090601 0.148345153031598 38.0926009727623 5.51970357322878 756.403596670904 226.31878321965 20302.5774927359 9958.01000082707 646307.359867458 455819.712297187 22461844.2279609 20956204.8909517 804241880.127964 939246520.10295 32379159071.6422 41234254828.6466 
6.54213 3.21296 2.74143118876706 0.101195543689132 25.637017422853 3.53616052889287 420.75096349203 141.995311295419 9826.88156342665 6094.2088878239 287928.757462124 266203.213067399 9604421.8141065 11604054.6354409 340190630.907892 499839746.149867 14522854523.4999 22402966977.0852 
6.54213 4.07234 2.23381415039412 0.0844675259370788 16.2366429560085 2.04754907390502 205.417702642319 54.5838772600069 3637.57867126441 1594.77201533195 78793.2412761751 48834.8028520772 1906849.29711073 1515624.80085781 48487181.3770584 46656920.9505116 1434018372.18978 1387520649.2063 
6.54213 5.16157 1.83842893698496 0.0485562666976508 10.3202302719396 1.00234175545609 96.144370199515 21.2364798627006 1208.5328399604 469.415498605852 18199.6142048574 10792.0823974383 304246.891827476 253580.50974084 5349542.32379658 5964442.30637785 184792605.975517 126105018.058251 
6.54213 6.54213 1.50203539304696 0.0273807130786949 6.60357698164779 0.457700585819672 48.0233494012936 8.6525952574301 489.897785169691 176.541185113114 6329.45862964882 3818.63315915563 95536.4924595102 85785.8731357064 1582991.90770234 1964156.68481828 67521008.4269797 49523176.4580542 
6.54213 8.29196 1.23549600805319 0.0225165161157048 4.30791264297213 0.235302327409413 23.7263976597326 2.9918995216205 174.640856752157 42.7894922144491 1569.04153143211 663.325501939044 16122.2955542442 10837.9911490985 179492.110194198 181517.818030074 -1 -0 
6.54213 10.5098 1.00103379249696 0.0132753988455884 2.76062380556347 0.129111818183328 11.7415017150681 1.32345392587823 65.5769391146494 14.1510099274687 438.450339388469 156.027455753972 3250.01879839804 1743.03839664218 25239.5367836656 19155.6717150405 -1 -0 
6.54213 13.3209 0.801785085904314 0.0107308751944403 1.73513718736719 0.0692612688797982 5.59757674360191 0.50056203707441 22.9055535813778 3.86149052514791 109.00780719474 31.3879029641214 558.997425903453 262.776287503778 2856.65669282486 2159.43103576343 -1 -0 
6.54213 16.8838 0.640936363076068 0.00746565477007551 1.12586982680792 0.0371484634273465 2.94705263964769 0.211923897335375 9.68019226007731 1.29497596106136 35.9241151943437 8.12781427059165 134.855776277748 51.0166450617635 463.852490439648 281.945964161648 -1 -0 
6.54213 21.3997 0.504982564192453 0.00564665731136664 0.714957583885246 0.0244748646041262 1.50849003466411 0.116265913730378 3.98035940800522 0.588660294581515 11.8134677873354 3.04530385692113 34.9089023069266 15.6452198983997 95.5474616264765 70.7244281185634 -1 -0 
6.54213 27.1236 0.389977755972291 0.004428193503191 0.441280985579026 0.0161802386448126 0.754723632561156 0.0610776360758228 1.60984971496916 0.238741312475549 3.77841600152183 0.955608542908118 8.31092464451827 3.79034395229123 14.5698683866785 12.6219258145685 -1 -0 
6.54213 34.3783 0.295982317961151 0.00404050001921359 0.267731333973148 0.0116551238401869 0.374533220737705 0.036533193547694 0.645329476617265 0.114359498845662 1.14838625986088 0.337872144461265 1.58126449975985 0.854370811799457 1.1109633175285 0.906336697686225 -1 -0 
6.54213 43.5735 0.221265519582518 0.00312222125577268 0.159045930768434 0.00689147215349069 0.181908532166897 0.0167041611857055 0.252669124544548 0.0425169169199074 0.338551869739253 0.105852272802838 0.27859410579598 0.231306443009115 0.409737128562194 0.416751106448717 -1 -0 
6.54213 55.2281 0.163557875059794 0.00374962457690759 0.0954481886105874 0.00747133898861678 0.0954622936158637 0.0158454625927694 0.122582461130807 0.0353717432881239 0.165835219924347 0.0786489515689353 0.21033575224359 0.152049659930423 0.250085251409132 0.221965275753487 -1 -0 
8.29196 2 3.67873349240551 0.216534751909827 53.302812451185 9.96368110727241 1366.71334567542 499.903560453445 46992.1194939635 26080.9970283235 1865159.0566724 1373427.82121866 78308192.9909482 71526578.137069 3359640109.78221 3627488417.4519 146400293186.883 177975589747.075 
8.29196 2.53494 3.10216427956575 0.102957005326683 36.5675547660311 4.102540645402 754.113228992992 195.490450058212 20866.0266650785 9548.58082472715 676624.593873248 455494.33214314 23788138.0363908 21006504.468844 862035297.999613 929247373.392915 31649666132.1003 39077077812.02 
8.29196 3.21296 2.51021565749447 0.0914295210385708 22.2912617847765 2.7005172034384 343.186918503397 101.36186601354 7264.64325015831 4126.19271809553 188371.57950396 172548.912641593 5568044.12420241 7255686.06367148 178233053.044484 302209814.884364 6419826825.70037 12865359517.3955 
8.29196 4.07234 2.09113795851407 0.0689115794242322 14.6911806697175 1.50836470766622 177.047797985306 38.463601766551 2899.56623425395 1089.9222232192 56767.112237125 32486.8260140603 1229406.29668413 980467.237208542 28005737.5179929 29225603.5683519 823804566.532482 910020040.642934 
8.29196 5.16157 1.71152941310671 0.0456219810753118 9.32653543319175 0.751616337827943 85.5444150350821 14.2432673493901 1066.32749308163 318.278020708534 16111.3005506245 7824.1204409176 275560.141474309 199193.498432572 5092013.70178473 5077307.39316113 153412331.030671 81156413.5008027 
8.29196 6.54213 1.40378599010472 0.0273535574766649 5.94209351404095 0.408115261539828 41.7609602111341 7.46349097164848 408.486821303196 163.316355288118 5071.41666241662 3881.42947005267 75081.6035487203 94011.384636836 1260609.6568355 2260468.35501104 87256797.3263671 16534756.0477987 
8.29196 8.29196 1.14903472306737 0.020851460395454 3.8200461150874 0.224338976137476 20.4566422009677 2.95261076479418 147.69754699784 44.766714322161 1299.83422806687 724.457157701638 13003.5042202388 11996.8591147913 140382.917765612 198838.64156402 -1 -0 
8.29196 10.5098 0.931340495903429 0.0115557932585041 2.40506011338055 0.0952090967893942 9.52282555098876 0.915267066644275 48.8165749115334 9.60848903214429 295.89628051527 103.92567237062 1977.59981517866 1130.58323391081 13566.1243091961 12184.5935558879 -1 -0 
8.29196 13.3209 0.75856877562589 0.00916366296133667 1.58785052019229 0.0593616864529217 5.06348910082248 0.439151761282934 20.9386266617339 3.39815826443041 102.553581194623 27.3639277750167 548.407020142673 225.831643129654 2965.24747411655 1818.37614868837 -1 -0 
8.29196 16.8838 0.608497869108272 0.00754963853615563 1.02739581556883 0.0348837040834882 2.61914497584637 0.200097336012489 8.49329351623379 1.27907016873522 31.7447510263445 8.48001330424102 124.468699273313 55.9195450455879 459.999141767261 346.973827069578 -1 -0 
8.29196 21.3997 0.478648570430995 0.00653681098918933 0.644427710768509 0.0248636770734763 1.30383903509208 0.104740703157348 3.31067270603941 0.489439741654115 9.44598913684977 2.41491755087386 26.7128806383597 12.0845039929007 71.8671841075497 52.5808198506081 -1 -0 
8.29196 27.1236 0.372898980819684 0.00374994291284798 0.402885769104941 0.013232949951526 0.659378406966102 0.0498441093499176 1.34939968260673 0.192742645667483 3.04975328256375 0.751141606161072 6.63063460395398 2.80755301006 11.5591577818953 9.825021077359 -1 -0 
8.29196 34.3783 0.285404446353368 0.00360876177231475 0.246284028737177 0.00957785105382086 0.324780653301484 0.0270444344360653 0.516398317986195 0.0755224528645593 0.807343259051724 0.202204554127606 0.772615525279217 0.483064094525677 2.05807755383784 -nan -1 -0 
8.29196 43.5735 0.213668746219641 0.00376249456295947 0.148402184831512 0.00804075378677528 0.166797516701764 0.0186895267041866 0.234226456168178 0.0449058662501626 0.334902770719589 0.102539392261758 0.360202897658422 0.184205188593973 0.329621927981753 0.118724185532077 -1 -0 
8.29196 55.2281 0.157581193726589 0.00335307279773985 0.0874444673528831 0.00565444646957021 0.0809482969896963 0.011048704263343 0.0936265744042226 0.0235416698979537 0.109965780341013 0.0503377773155537 0.122053123261576 0.0884051472157463 0.172864839734055 0.138360444729296 -1 -0 
10.5098 2 3.33133153335663 0.147357946628958 45.4319184161772 6.27007621907645 1083.70060999299 299.858700991338 34218.8936907924 15091.9701938754 1245558.77711898 770105.629604749 48356463.4116938 39106448.0961978 1907234086.60282 1949474634.05071 74347171206.655 94216742190.0242 
10.5098 2.53494 2.74682810939225 0.113172251235907 29.9134584040462 3.79512483664039 579.769844303938 156.349394240706 15276.6807548449 7116.33473213933 478573.279487769 328825.661981903 16486278.8869222 15019306.7251401 593508258.185233 672142632.584369 21071865116.4387 29146681220.2204 
10.5098 3.21296 2.28931390724636 0.0826885171636976 19.6880056400268 2.24763992694073 301.883108349721 78.7450743880212 6464.1529578513 3283.40267486269 171375.820528867 148052.081965556 5237729.19588573 6855360.65804521 176022400.031789 317965551.506222 6381628099.65309 14903734015.4552 
10.5098 4.07234 1.88489326080322 0.0541043528478644 12.6502836344978 1.2287910210583 148.664833763727 35.306740407875 2397.00990744695 1187.27272018686 47237.183234908 42381.7630644119 1068424.53576415 1528173.91279396 26596923.7701481 54610296.1981146 1035031907.43864 2527173399.36613 
10.5098 5.16157 1.5492957951743 0.0425866924032946 8.12156216504569 0.79061397994557 74.7230236056132 16.9541029054846 954.208662880078 404.766347087768 14960.165567919 10201.2592494336 268176.672874064 261735.432183584 5237216.70334864 6690538.6153891 200115529.677711 154246981.956588 
10.5098 6.54213 1.27642463959139 0.0246256777868268 5.0907213942637 0.309997601709893 34.1377545785009 4.87651916510038 315.566434131666 92.4997844566817 3616.46277810512 1895.72057681378 48047.6222526144 39659.0511745228 705268.603804235 826530.102177743 -1 -0 
10.5098 8.29196 1.04693653404266 0.015681911726948 3.25737515668779 0.175657422167633 16.7828252389994 2.40200224981707 122.250720251587 36.7497179067178 1154.48071638096 599.509604670942 13099.0685667003 10063.5145283879 166617.53167145 169628.979200094 -1 -0 
10.5098 10.5098 0.85999364443486 0.0155054621059026 2.10560081224035 0.119661583138234 8.05054620688812 0.976156415406818 40.4336757241622 8.63760670365388 243.470258770574 81.7446558967318 1639.87085142795 816.790527016315 11562.8975973522 8478.53751498374 -1 -0 
10.5098 13.3209 0.702186665842025 0.0111057354458455 1.38509657642533 0.0709253159706579 4.2529174332924 0.466010414867842 17.1205126171548 3.29739191326432 81.9580913148842 25.0997964689669 430.457964904327 202.10201464287 2270.56996280306 1669.89763224011 -1 -0 
10.5098 16.8838 0.565184120256586 0.00671918464892839 0.88477967073088 0.0356063190610625 2.08811115754267 0.199493747155054 6.25657861705579 1.15157386510553 21.594779395294 6.74515163937687 78.1722971947891 39.572926477708 271.84601317373 222.913927184359 -1 -0 
10.5098 21.3997 0.448203025366493 0.00536723445228381 0.56576119598894 0.0209402022747987 1.09082251079515 0.0949262157992101 2.70757031604973 0.447120797224741 7.78938831505982 2.14547096677897 23.290754235724 10.3540653943505 67.6730349589766 45.1943554132838 -1 -0 
10.5098 27.1236 0.352022659124909 0.00487228402442866 0.357530415376107 0.0151638350362358 0.54982156156212 0.0515835548631497 1.051865313455 0.184867757718328 2.18785033988349 0.666815720509505 4.18057967035118 2.27385762966088 8.58191521563778 5.71834324833139 -1 -0 
10.5098 34.3783 0.268566297935483 0.00417971889384492 0.214709458069017 0.00969239081149969 0.261528083299046 0.024726768650304 0.385152384814578 0.0674736389117819 0.558910278027967 0.186898361413707 0.614791522234346 0.402304189402214 0.404030916438897 0.149548102465146 -1 -0 
10.5098 43.5735 0.202485847837592 0.00400435989586717 0.133913417389882 0.00774952948110687 0.144974193396075 0.0154541063260143 0.194781865373636 0.0331466395221482 0.257488560408254 0.0734467756999822 0.21521978762177 0.154615471055786 0.205769395409125 0.0726670376290873 -1 -0 
10.5098 55.2281 0.149522612661827 0.00356861558669734 0.0780385112935307 0.00576993843344781 0.0690762969684033 0.0113257839784578 0.0767884880637257 0.0244543260265937 0.0856397038313467 0.0505422360607645 0.105851660896357 0.0792756571674524 0.187885868794825 0.130914715944462 -1 -0 
13.3209 2 3.02299733168947 0.142062492068564 40.8920406357107 6.72217467267187 1006.09771443361 351.711260009198 33413.5134209402 18153.1195115665 1285038.40164055 907698.696621488 52486366.184092 43753815.1603846 2162062373.25246 2018522255.88762 89380691894.2144 87547250922.2232 
13.3209 2.53494 2.49389167371143 0.0960267651732641 26.2205341027838 3.04961737818372 491.288007819945 124.62556639269 12467.5602758848 5909.80954756907 379078.697764102 306870.136702759 12960447.5817988 16803375.070592 480439502.201413 939086250.619748 18477995882.7742 52245861118.7501 
13.3209 3.21296 2.03079293380118 0.077808446470515 16.0851001581508 1.99447529879124 223.578456104876 59.8175848652188 4197.31571805782 1956.73578351581 94228.0525705932 66166.3163371641 2363061.12817323 2259484.4950021 63271998.0605458 76867769.0542419 1952733633.56961 2695613980.88805 
13.3209 4.07234 1.69306483726448 0.0619871775856903 10.7750209735352 1.27985664793181 122.950705715026 31.5535411525411 1961.93414574908 918.858778099501 38977.0131319015 29507.8373532254 900543.943985176 987219.194046764 23042884.0904988 33333178.6141025 1058620108.86464 1403116875.58928 
13.3209 5.16157 1.38016887443091 0.0353775149504243 6.5591288586278 0.553860108808753 53.6879966444188 9.65761377952186 591.791681442665 185.209748072392 7764.72766681134 3804.02322374273 113188.346703562 81893.8532623129 1753324.08813213 1812963.42576462 25758942.5819931 25902577.4742414 
13.3209 6.54213 1.15196957183936 0.0234828351202846 4.39309305183799 0.326973456609301 29.3814052656981 5.77988231521745 280.294191777979 113.975673938789 3419.65623946095 2340.887798841 49610.6141563942 48739.4276081623 808148.085528289 1014618.55543465 -1 -0 
13.3209 8.29196 0.946452631501361 0.0135659687445292 2.77806259442424 0.153397123526766 13.8601348021883 1.93012725936523 97.9210760924431 27.3279592214179 883.31996720366 419.502457135975 9408.60055088679 6711.4377487829 111274.190472692 108854.537150718 -1 -0 
13.3209 10.5098 0.776438610612985 0.0115753926498609 1.77101445670671 0.0981067544989307 6.58172579424395 0.881249031960065 33.4285183180184 8.38470007564505 209.512751105691 83.0391439893929 1496.83526758445 841.230373900765 11394.263586812 8544.00129697251 -1 -0 
13.3209 13.3209 0.636674499527506 0.00806920994941232 1.15074338403072 0.0482821927353745 3.28748263968317 0.331745758932059 12.6225330429764 2.53308647440161 59.4316800172225 20.2933275293962 316.994409510288 164.109063479304 1769.78693649102 1302.70496263014 -1 -0 
13.3209 16.8838 0.51707637943091 0.00483827186855743 0.752416872571094 0.0238493929414528 1.69788767442521 0.129668637703277 5.02060581029275 0.79005871857329 17.6292865254235 5.00674375080771 67.1381732461602 31.5074372899123 252.305891980561 188.962316642157 -1 -0 
13.3209 21.3997 0.410643142780555 0.00482882853167713 0.474912413528166 0.0166736138704776 0.84571564093086 0.0693502084114274 1.94233923908123 0.316250249970068 5.14459774581638 1.48314383235525 13.9542541036018 6.88066849431694 35.8762767556472 28.9048530551695 -1 -0 
13.3209 27.1236 0.322645161444729 0.00384230342320644 0.297533472237462 0.011950735962038 0.416806516776898 0.0406850443688918 0.728186429820567 0.140151649555726 1.38394073613552 0.471396159362928 2.50266345645226 1.39459389447689 4.29618748141939 2.68588074634194 -1 -0 
13.3209 34.3783 0.249577697825505 0.00458602185770572 0.18584945519771 0.0103940681765976 0.214719288318095 0.0262796116769947 0.303338110075296 0.0683979123562082 0.424262925545879 0.167663518764915 0.447794780211714 0.305045328146681 0.60155417205379 0.577030161695395 -1 -0 
13.3209 43.5735 0.188060643490099 0.00392140457160719 0.113252964410097 0.00671522210521302 0.110703113632243 0.0126924624250036 0.132389938198566 0.0263261472134524 0.150577647543696 0.0550382276610771 0.121605265690792 0.0817014562302847 0.0794738240271422 0.00549012626118981 -1 -0 
13.3209 55.2281 0.139217934928464 0.00348714633683601 0.0668963862597897 0.00562139546862013 0.0540774759329948 0.0104899893811328 0.0534778170074397 0.0199012337816435 0.0501242383211077 0.0360628619937183 0.0551125434929928 0.0584705172359536 0.0474316664628279 0.0358377198004943 -1 -0 
16.8838 2 2.61169929054979 0.122648822050515 32.6370771113568 5.23727317250199 748.950792014726 252.578028937658 23251.651676097 13174.8464304748 855778.58824966 735957.588879796 34964447.383919 43229178.6625207 1526331487.86404 2606434295.1591 68900470978.5272 157724826733.98 
16.8838 2.53494 2.17284920823082 0.103737325455741 21.1046753400248 3.17137920046919 372.889017347655 112.911132520134 8892.17328779368 4627.42590705834 251900.393941207 210207.836643826 7990662.44101653 10156567.6562145 274940537.599001 505438135.284301 9943787569.7823 25537053235.8351 
16.8838 3.21296 1.78761571572434 0.050387443921781 13.7165141415891 1.29435934283366 195.868879249661 42.1801038676551 3875.5638889655 1615.04543940604 92871.1309131312 67179.3747092083 2521625.11307353 2890091.74212278 74750175.6719622 125272744.055882 2301574170.07054 5515693738.97324 
16.8838 4.07234 1.4629057779774 0.0387906348308805 8.39672307355172 0.865949761010457 87.7392896772034 20.2280317594505 1272.59489916022 497.066417174161 22424.8571534144 12882.1380128712 445494.467045084 351988.93001785 9521336.2830002 10051615.3654391 223359357.549665 346202054.702824 
16.8838 5.16157 1.21311105580213 0.0281116471904016 5.46973625208391 0.490467542556238 46.1096559901739 10.2837101620291 568.252393930541 234.807621224192 8868.49960692016 5546.67543086189 159586.088845676 132160.253798438 3111912.20043717 3133812.49305421 55750938.7018855 52731443.5936187 
16.8838 6.54213 1.01023541210844 0.0208608154945098 3.45942640561466 0.281724794129377 20.9994607664272 4.49917061605765 184.91641507763 79.9190705556391 2118.65611560777 1509.67803599052 29112.0451463053 29435.1392705457 449612.443252119 581045.499719511 -1 -0 
16.8838 8.29196 0.827493172273924 0.0144799401571017 2.14848592741834 0.127938386108077 9.31052717278881 1.34022908044272 55.1550035689774 15.314613928315 402.627512311887 184.68747490361 3373.81234929659 2339.94256328521 30699.694305213 31077.65251618 -1 -0 
16.8838 10.5098 0.688618990076034 0.0126805088813076 1.43589283097333 0.082359990522374 5.02636031652917 0.667136762623413 24.7275020556815 6.38434195265018 153.575687243492 65.8341998871169 1104.13192349439 697.518472388594 8564.21270631701 7373.40108719297 -1 -0 
16.8838 13.3209 0.565703565466998 0.00898859396831607 0.92741348546688 0.0466349048939196 2.46372238929973 0.275748196118382 8.99978906508204 1.88191244939551 40.9837726786486 14.1148037360399 213.217147621869 109.474120873221 1167.42948622187 840.139398288839 -1 -0 
16.8838 16.8838 0.460030380695731 0.00505101970490112 0.599507562120018 0.0212487823321449 1.23630455220076 0.104118439771294 3.39792035430887 0.557028721398237 11.2051014859601 3.0813131679084 40.2938144709122 17.0652360019264 144.246007400219 90.2918489359512 -1 -0 
16.8838 21.3997 0.368185973820499 0.00477029600053114 0.380877315968905 0.0169599395019483 0.612925769722092 0.0656752988870864 1.28470009774295 0.264965983552474 3.13511545090451 1.08746198596611 7.9266503761054 4.42158438191964 22.362723911375 14.6568016563417 -1 -0 
16.8838 27.1236 0.291105779025127 0.00462707982735835 0.239560324093466 0.0117779652049036 0.302946258581819 0.0349965545936305 0.485075710748174 0.108397509538764 0.854630412672922 0.332337500606128 1.43747785587876 0.916439061119517 2.33624860003845 1.90508901370885 -1 -0 
16.8838 34.3783 0.227111007182775 0.00366619680182791 0.151802022592316 0.00777399896396557 0.156976861698926 0.0175755253047366 0.196490559848937 0.0425989380874915 0.237174995170666 0.101923420811669 0.238990338123178 0.154052417498425 0.176605932728933 -nan -1 -0 
16.8838 43.5735 0.173074516650653 0.00423522059321901 0.0917529844168647 0.00698910099285453 0.077907294917905 0.0121074697359637 0.0798461204361511 0.0220406727129822 0.0748399271522548 0.0370396808733212 0.0501091348510987 0.0485220070488236 0.036032815414958 -nan -1 -0 
16.8838 55.2281 0.129687091751632 0.00369878679680652 0.0575392077280631 0.00495407347195586 0.0442513744002078 0.00834925961115143 0.0429500560543876 0.0145989601100373 0.0414879570040147 0.0244875059938537 0.044993970670927 0.0358324515726302 0.0547974585273012 0.0487893836224408 -1 -0 
21.3997 2 2.27008983191702 0.145241116484435 26.5706896811409 5.38126722309284 580.860516558022 251.422610966389 17158.4682882304 13705.3326436183 606572.324330134 790958.009399504 24350376.2284471 46349683.5730312 1074463758.14253 2712566626.19571 50282766188.0198 156820495149.344 
21.3997 2.53494 1.85601843299168 0.0812050660354521 16.5259432259868 2.67659689818037 280.608333573092 106.548738507959 6756.02923002578 4788.88831079888 202542.464333466 232912.469613444 7048017.94791561 11880815.37822 271663899.329677 621001954.437808 11001655740.6809 32672878772.712 
21.3997 3.21296 1.52307531042077 0.0583172389106523 10.2089478095476 1.25621615970026 128.258986637964 33.9500979397778 2266.50661568579 1093.83125265921 49301.5330783206 38883.3907016066 1231676.9616151 1443350.64702516 33904974.1767711 54295473.9567871 1063630367.3538 2192739754.28691 
21.3997 4.07234 1.25792609711288 0.0361491100615661 6.50486005308409 0.598361277210544 62.3831631267626 12.581498373721 841.246532482713 306.377273262011 13986.7838041944 8006.66768864569 266254.130394367 215566.95905804 5527677.53632173 5866776.62361502 161467800.285391 169299527.416553 
21.3997 5.16157 1.03940072812948 0.0294093029746821 4.06749065133449 0.392350656651132 29.097007470716 6.66563321482897 298.664335645857 138.144005554513 3907.28889776329 3113.15484842246 60564.0008742084 71761.0714958846 1052970.19244341 1651814.69122783 39585097.4434584 29578973.0729125 
21.3997 6.54213 0.864517112947386 0.0164787911742668 2.67503913329433 0.192816797446445 15.1221333277427 2.68166648872897 124.012634667135 45.8756910771769 1314.30612740098 885.641995908926 16796.7427815837 17873.984792718 245684.118597354 363847.922834317 -1 -0 
21.3997 8.29196 0.714534589336368 0.0120898325021504 1.67492966909183 0.1105701825466 6.9160822577001 1.24483322639612 41.5477405452526 15.8956364517095 325.840656896639 217.722770609173 3072.20450168636 3093.38202090065 32666.7864527016 44539.1162682207 -1 -0 
21.3997 10.5098 0.596936352312462 0.00917958097357861 1.12063565820321 0.060595930697163 3.6525319758188 0.504640712220074 17.1322822342346 4.82578784829634 102.980170447345 48.2813754446563 723.590994279035 487.990812381832 5534.71877457566 4896.13863464792 -1 -0 
21.3997 13.3209 0.490439962055669 0.00601272180072433 0.715119281815569 0.0331060876315936 1.75508041043484 0.208548662455803 6.13904637865208 1.45131479046469 27.3803304600424 10.4752465026562 140.658296835605 75.5461835415271 763.213174010071 532.046627728984 -1 -0 
21.3997 16.8838 0.399246003149061 0.00559712065652635 0.453475374233684 0.0215441684207362 0.828705216279444 0.0964629803585695 2.07107114348086 0.482134325769822 6.43134947382792 2.53348735676579 22.6881358796739 13.3798123380979 84.3799254034208 67.5111917510296 -1 -0 
21.3997 21.3997 0.32301386830331 0.00502886444210677 0.291060154954465 0.0158696212102301 0.41313574237077 0.0539959430344157 0.777817621691314 0.19295606301403 1.73388589230764 0.707811213068041 4.13160627770371 2.52204113166281 9.06574115732994 8.47976375673792 -1 -0 
21.3997 27.1236 0.25862291671803 0.00478264577259626 0.189203517668076 0.0107422823969002 0.219280639325495 0.026119923886843 0.329296196460507 0.0688863766411265 0.546871544916305 0.189020481388546 0.877851144173506 0.456113432450041 1.1840257522722 0.931486420671874 -1 -0 
21.3997 34.3783 0.201811365887671 0.00413692236333567 0.116661848146287 0.00760635929350766 0.103991941889813 0.0154172719846527 0.110843282587436 0.0323878606188368 0.110391422966827 0.0629261585032344 0.0896814959157346 0.0780801184090268 -1 -0 -1 -0 
21.3997 43.5735 0.153594985892624 0.0040122918725173 0.0720228775115941 0.00649587233673233 0.0551067373509386 0.0101229086709428 0.0517990265577628 0.0157953574508766 0.0445593727144593 0.02339118495972 0.0314418680641274 0.0250057419304601 -1 -0 -1 -0 
21.3997 55.2281 0.115787405587488 0.00410718881208231 0.0444707111102365 0.00511733198426599 0.0299002552775493 0.00721989243528379 0.0261171878939459 0.0109553713266217 0.0244329396425708 0.015552305583581 0.0258218871742249 0.019261270167983 0.0243790102368966 0.0181868231222927 -1 -0 
27.1236 2 1.89540533367147 0.0996177885903311 19.1444038670044 3.26163096717629 359.136330937275 114.095102934248 8884.96695785651 4138.32314644752 251489.799139069 152604.52692906 7616561.89924418 5635945.44650057 237526222.821024 205940809.792522 7225035532.13122 7305669095.93234 
27.1236 2.53494 1.5514696371401 0.0720994017989875 12.2032009813913 2.05026070390348 188.103317125834 72.3644010726657 4116.7643027246 2878.99604238064 111040.236121891 122631.885254554 3444562.97577181 5433301.44615332 117810920.821823 245959410.513659 4184028300.87054 11198774442.4688 
27.1236 3.21296 1.28265393636778 0.0567182421035331 7.74363716896926 1.1801074555098 90.2705517215621 29.1332620968173 1477.04026604814 779.22194956983 29225.297222028 21914.8512363769 647845.249922853 640567.624667799 15401369.3045485 19235568.8979555 410372480.963786 612293271.316853 
27.1236 4.07234 1.06335769993458 0.0364499917567991 4.98720425078291 0.605379106222537 45.010900781414 11.4602665761762 569.865910044055 236.372245753558 8667.19243424941 5108.44266174298 146048.860453199 112952.724186159 2601132.52661416 2517685.2774914 52329097.0656448 50959414.5349924 
27.1236 5.16157 0.87405019217795 0.0223768412900234 3.04912445219471 0.327390918218614 20.4211877742613 5.82601258193712 203.212674433526 117.469130109467 2613.97553155765 2510.04662913166 39804.3021342158 54764.995817651 675537.090645191 1198842.33594322 46222623.5188092 12126058.929811 
27.1236 6.54213 0.72379743444607 0.0160925716880436 1.90777346960784 0.140467181758719 9.21996925907414 1.59804158689577 65.5956413754221 24.1445182558513 615.314082735051 420.826398928227 7061.56035706416 7640.17061948999 93307.7862035068 138911.691208309 -1 -0 
27.1236 8.29196 0.607792184119928 0.0119069425568623 1.27700877983437 0.0761286343400017 4.88132270792665 0.676773445898088 27.2666947625897 7.63655822046403 194.823465888762 94.4134357194024 1622.40198351739 1207.69921076976 14808.3248883675 15626.6565744915 -1 -0 
27.1236 10.5098 0.502612739327717 0.00790103625141033 0.807974898267816 0.0473080908501647 2.28674022805619 0.326439534505342 9.4083197784537 2.54685668645642 49.6392814999877 21.3628084517436 303.698549700107 185.433951390337 1999.48392997147 1621.19663438262 -1 -0 
27.1236 13.3209 0.415330081832578 0.00552723243159625 0.520874518505264 0.0247472558730153 1.1297826157255 0.12825634732824 3.59796193582243 0.753267099956789 14.8869318773173 4.73979920261812 71.3146257743663 30.4987547695201 360.879153501646 193.833372018393 -1 -0 
27.1236 16.8838 0.341920486075949 0.00507974582205674 0.338932982278197 0.0189329549428948 0.564178734878816 0.077016555550859 1.34986127330459 0.342336531895565 4.1361366843502 1.57760182231277 14.3916422197341 7.22020488998412 50.6568110580183 31.5090816113862 -1 -0 
27.1236 21.3997 0.277024668153914 0.00456747569123301 0.215546021854965 0.0127903719467574 0.274550505197424 0.0412662136542477 0.488841328993256 0.143153198480085 1.07837980591329 0.494460108630292 2.56496065193786 1.61928274101469 6.21993541037553 4.49010052506427 -1 -0 
27.1236 27.1236 0.22264964855375 0.00385873491343636 0.137319442605781 0.00810748535715886 0.134796796107845 0.0192876407702337 0.175988660699535 0.0492120369822456 0.263074197843721 0.12524095254145 0.399756909170907 0.282990799726309 0.655760871022183 0.534137150187639 -1 -0 
27.1236 34.3783 0.172789538579613 0.00384758129639595 0.0828397222899943 0.00633358133294146 0.0625223461854786 0.0110339207198887 0.0599581858168909 0.019918781646942 0.0633730535489339 0.0313832033998928 0.0637641492524958 0.0423400245467426 0.0739006328418689 0.0522776678286596 -1 -0 
27.1236 43.5735 0.13486511557413 0.00344827398973423 0.0551068895773139 0.00436743560152578 0.0385056473135527 0.00620657115051237 0.0344297597474339 0.0101798451467136 0.0296548540822209 0.0166991012517447 0.0242745513450081 0.0203780764301584 0.0212071981138754 0.0171942520643643 -1 -0 
27.1236 55.2281 0.102785427119711 0.00388435372299885 0.0347772319115307 0.00412858932626049 0.0211312112302453 0.00533135669972296 0.0164903115246079 0.00747353255352057 0.0142557849281869 0.00946004758214264 0.011461142273437 0.0112042099556075 0.0140550477032937 0.00143726315458529 -1 -0 
34.3783 2 1.5680577602761 0.080162787966995 13.578345023428 2.44418496413404 232.995360811578 95.7654385811233 5759.58534715202 4182.62248939396 177498.986774481 192264.471791427 6282641.31617282 9019595.52317395 242056071.276199 424441533.273736 9879695206.35373 19947542098.267 
34.3783 2.53494 1.28708844491668 0.0510602115529034 8.4488022740895 1.12829403425846 106.991632545613 31.4693613127125 1915.2671885085 1039.19579131496 42352.6809841412 37728.8524926007 1080924.08780488 1433016.54837292 30520049.1798152 55409936.1182631 1004485803.83764 2276200626.50294 
34.3783 3.21296 1.05920009285223 0.0396143556382425 5.45286409862756 0.670082018900954 54.9984345959839 13.3449496306164 786.477148792493 300.608392324564 13599.9350566515 7369.90935647234 261782.784810991 191597.127584961 5358573.59898376 5163379.319962 100582130.526774 149161576.8119 
34.3783 4.07234 0.880347572735417 0.0264309547850827 3.55599986801476 0.349158328362839 28.1304949661609 5.76705146602074 318.129348214377 108.705192590022 4388.07087378226 2202.71460085826 67775.3483391346 46035.9368811405 1115505.8653166 968182.038424727 27739973.3830983 20670398.2645808 
34.3783 5.16157 0.732244261313114 0.0200987783009736 2.2678918524121 0.260951921110881 14.0253459025024 4.32008783454233 133.716909843583 81.0717474315644 1687.53193091097 1604.30915774178 25361.0274868945 32471.1058640077 422660.431303056 662799.227074421 8967733.51172665 894026.579330322 
34.3783 6.54213 0.598291448946822 0.0130817814991998 1.37077259711803 0.116384062827312 6.0403012788171 1.39070873531061 40.9349853655136 20.4311153424244 375.253227980371 323.97006863653 4223.53607651876 5254.20497759893 54168.8055580852 85481.016299592 -1 -0 
34.3783 8.29196 0.500912257339435 0.00833046054033421 0.884135594106677 0.0584001327700983 2.87683584069457 0.4655323805361 13.8506021619924 4.23236291251651 85.9035263524829 42.1089638349325 620.870144952205 442.430234300149 4892.97541058354 4774.68035772311 -1 -0 
34.3783 10.5098 0.419080399740256 0.0053204554163918 0.58116539883242 0.0291572961903377 1.46212180496777 0.188441192957944 5.49912374050821 1.36577550921898 27.0364418052621 10.5094132531375 155.280129920687 83.2534169692625 960.06120572567 664.446637862751 -1 -0 
34.3783 13.3209 0.346161426415328 0.00449197472313113 0.373726976954253 0.0184279112870254 0.715230713863405 0.0921901023549932 2.0194346135081 0.510278780349203 7.35677092320234 2.89669039998274 30.6971026685543 16.2724820887045 133.36141533391 88.1129307306875 -1 -0 
34.3783 16.8838 0.285121988132178 0.00407553076293744 0.237916384232528 0.012219372094717 0.343525745547416 0.0441450199670157 0.735901080577525 0.181652668682572 2.04783089695971 0.763171328572783 6.44348801516589 3.11361063532731 20.2270084918176 11.9102894976992 -1 -0 
34.3783 21.3997 0.232426224558405 0.00386987160843011 0.150508839771845 0.00945764481236961 0.161759771901585 0.0260112194256671 0.250077772684064 0.0762894896800387 0.489358665822831 0.22615857137022 1.03641412728042 0.642634798280589 2.13370523451235 1.5607927059921 -1 -0 
34.3783 27.1236 0.186513316506309 0.00332780007463491 0.0958739936054114 0.00640660066777841 0.0801509968047269 0.0141333831145124 0.0925174810498591 0.032008975192426 0.127696474258213 0.0700221435056116 0.182191860629372 0.131231006911063 0.198546262484491 0.167991473902371 -1 -0 
34.3783 34.3783 0.14781951783068 0.0038059839315674 0.0614791270575685 0.00515176253210176 0.04235975553225 0.00825744072318822 0.0385338357270522 0.0139767548937608 0.0391685913325221 0.0213234911716025 0.0383874160300547 0.023975032882826 0.0221917321035449 0.0216220249141216 -1 -0 
34.3783 43.5735 0.115544604018577 0.00333649431044487 0.0404649229750356 0.0045730626089847 0.0255048061690304 0.00664745757180208 0.0213023856552301 0.00966169157968707 0.0189358794911698 0.0117964153017475 0.0126486533453165 0.009738677135678 0.00539404383525652 0.00186861406709534 -1 -0 
34.3783 55.2281 0.0878467607131324 0.00361418010798391 0.0258771119434042 0.00360707698067614 0.0146825631364066 0.00423903084381738 0.0110650293078953 0.00477463562317494 0.00837599499557346 0.00458294533607031 0.00458921789477121 0.0037585510357125 0.00174253621220956 0.0020202764994854 -1 -0 
43.5735 2 1.25894702339018 0.0626974146997454 8.73068644767293 1.29380454262927 114.871569468538 34.6476773291021 2067.91873144207 1057.89306089887 44333.0110756885 34773.1602792298 1059346.60587915 1188826.37533302 27233548.4663689 41228273.4153034 725010228.831436 1437507157.1023 
43.5735 2.53494 1.04450718946079 0.0400893310041113 5.8304389703676 0.865997298522026 65.6481873523705 23.479434392354 1087.13672816699 735.05998752868 22797.9243764763 24440.0954757276 556971.206847941 827614.710578647 15015373.9591964 28046128.1614565 476937204.71612 1002946912.35636 
43.5735 3.21296 0.877112131366679 0.0264822949424581 3.96384980723177 0.45282478747614 35.6501797295946 8.79037440555955 454.975458261886 186.781227739194 7046.91160991613 4220.80218908764 122556.44993242 98782.2615346911 2290623.22944907 2347149.88520823 66019335.6697502 59806583.1197226 
43.5735 4.07234 0.71680508775139 0.0209778855208054 2.43460404750562 0.235858593761358 16.4365772765204 3.20718969491578 159.889129370764 49.1160865313311 1897.08621224712 802.649682427922 25064.0950471642 13569.9644858881 349831.714647626 232594.436447364 -1 -0 
43.5735 5.16157 0.590596969304182 0.0111452435592097 1.50469447352402 0.124028565251949 7.70358869658977 1.68067287346155 60.245628158224 25.1399448368405 609.940720663885 392.498776513193 7183.51729140453 6212.9705514984 92134.3802180681 98246.5957267108 -1 -0 
43.5735 6.54213 0.492188686917798 0.0110135865222497 0.966010013692292 0.0901778864923746 3.75761846273253 0.985672314242034 23.159300608223 12.4259749448969 195.752892657065 168.335969652549 2021.60356164756 2367.12363459293 23510.2681151639 33797.6088909466 -1 -0 
43.5735 8.29196 0.410218932930172 0.00586076179235681 0.619915536040713 0.0377257385518429 1.80724753760856 0.336113500229142 8.29514808339176 3.26615405183255 51.8940530165268 32.7407247523526 391.585663724543 332.768157247917 3272.80167302673 3385.90281324255 -1 -0 
43.5735 10.5098 0.343128036031895 0.00362205409658926 0.404758627921981 0.0157416844764248 0.901845111235088 0.0941949224008193 3.08852340468872 0.636235868297161 13.8243749204797 4.34521396916256 70.9739725372882 29.1254082524596 383.195635445192 189.214274477346 -1 -0 
43.5735 13.3209 0.284280559151077 0.00367944451205737 0.256363184872229 0.0130390098105185 0.416310097259897 0.0565771789467943 1.01606408672393 0.262805718302066 3.21451939397043 1.22040047236849 11.5074295359025 5.52544097832761 41.8731237156471 23.7790340107876 -1 -0 
43.5735 16.8838 0.23558042319296 0.00439786499156128 0.168223452766574 0.0118098696823598 0.213410956828182 0.0378314901678997 0.399947282577517 0.124726774443794 0.939225110919513 0.410863986871688 2.37628264815905 1.30604340906834 5.69542654419516 3.73979894558327 -1 -0 
43.5735 21.3997 0.192467624418885 0.00362383278199836 0.105544318033743 0.00728823594540718 0.100761586550629 0.0169204756774754 0.145014210678987 0.04442806421474 0.266394582749516 0.121880025292467 0.520741977914422 0.329491251432638 1.00310541338826 0.796558283021055 -1 -0 
43.5735 27.1236 0.155554012777415 0.00263688142587479 0.0681212439741386 0.00510565153857225 0.0514210002377824 0.0108502893006182 0.0571128625869846 0.0225357755574182 0.0778774075578396 0.0443009404394021 0.108504760933116 0.0764154049030807 0.134064744013262 0.109431458991568 -1 -0 
43.5735 34.3783 0.123406313439564 0.00319655650497688 0.0435549130193967 0.00477167583891073 0.0277619988041175 0.00803748534333115 0.0249672066097319 0.0131506718478386 0.0283511621486207 0.0185283159499529 0.0267399908656353 0.024180717612786 0.0173645789738993 0.0172528556066093 -1 -0 
43.5735 43.5735 0.0971742474645289 0.00366945278246482 0.0289465977980701 0.00381129722669265 0.0157840211123452 0.00454989318817754 0.0109890082964703 0.0053446865373546 0.00775303105656218 0.00520485725620176 0.0049497332047941 0.00300750059022855 0.00586957303224165 -nan -1 -0 
43.5735 55.2281 0.0725550161474341 0.0028800524152954 0.0167210399978547 0.00276063237421614 0.0074153991646091 0.00271397527216141 0.00427627645555094 0.00234510114021193 0.00254457707534746 0.00159757266113715 0.0016327887704529 0.00124046949721199 0.000924186000616769 0.000519159837520227 -1 -0 
55.2281 2 1.03591225445545 0.0417677068316249 6.23865649584056 0.859207941155151 74.1577844759965 25.2772171738902 1250.56145654489 863.990093873664 25978.8281545044 30968.5552898011 620094.704963443 1120867.95652598 16322946.7526417 40311425.0017847 438303128.379174 1424043278.64801 
55.2281 2.53494 0.851168070664589 0.0379738430322514 4.03358502987031 0.723267987201456 39.4994389521771 17.1655927312495 584.14660121194 459.94824113853 11135.1578328072 13018.4224261661 247790.400106295 374946.210421566 6026028.81745521 10790139.5263555 232817622.080113 361159700.905996 
55.2281 3.21296 0.693971944351366 0.0244336486670249 2.42538743615198 0.283096916358242 16.2917141155837 3.9584511243995 154.314551953549 65.2028607220271 1802.40139189059 1199.75473591972 24269.7500263962 23488.720402434 361402.637412969 472333.359565259 13206546.7150236 10010049.1025551 
55.2281 4.07234 0.577064944733968 0.0171266174378949 1.60964309998146 0.175699110111165 9.01513416123449 2.25484883612628 74.0895372355006 31.6110476102437 756.462158877498 456.712264412286 8713.23046709495 6657.67925299316 106838.782951043 96718.8720017063 -1 -0 
55.2281 5.16157 0.479177382855261 0.0105323525604555 1.02085834457892 0.0894161835731811 4.31595642882636 0.920389269838868 27.4864997646866 10.728223260172 225.471467819165 134.500164629543 2155.6304713533 1744.9517575355 22544.5817994255 22889.347576639 -1 -0 
55.2281 6.54213 0.401327703450214 0.00879122244821968 0.668034833347388 0.05760940411066 2.21494549254564 0.463695746064925 11.4097173949103 4.53749311329391 77.7328062941143 48.7512078654782 625.830954888703 541.139196204353 5549.79032986784 6043.606111979 -1 -0 
55.2281 8.29196 0.332278838059181 0.00537055851497056 0.41860737118578 0.0273648773348843 1.01875313447776 0.172252452262125 3.8139451813511 1.21888417661094 18.8041104534582 9.02940381895554 108.378033176751 67.809606315874 674.207247609904 507.269194458939 -1 -0 
55.2281 10.5098 0.279195756369203 0.00313284832088671 0.27579000250179 0.0119099748266165 0.514108902622842 0.0591076726946878 1.45725724158995 0.316285003702265 5.3260029929711 1.71226962968697 22.0474970765844 9.16648715112073 94.5637230257036 47.6586428718436 -1 -0 
55.2281 13.3209 0.231141732496592 0.0037465988066152 0.176540891754319 0.0104524640910803 0.250333068692551 0.0336042570581785 0.535304552584102 0.12216067135208 1.44779427822226 0.463953070474199 4.29458691669757 1.75535411136108 12.4791499506004 6.38639524654673 -1 -0 
55.2281 16.8838 0.19022483815148 0.00376758292524613 0.113903847780017 0.0083756438084621 0.126294553416817 0.0224092693554488 0.210917432404929 0.0652757364234868 0.434449504288526 0.190365106876775 0.933734516313655 0.527344626217388 1.83748772021553 1.27107805135828 -1 -0 
55.2281 21.3997 0.156571830276636 0.00275122953401782 0.0729100528337523 0.0051142362715034 0.0605950008628417 0.0104201677643702 0.0745277813828295 0.023702324569784 0.1111690898741 0.0549997975692772 0.167559582642808 0.119386463332013 0.260828964232062 0.221105926287716 -1 -0 
55.2281 27.1236 0.125974461659772 0.00259086120208216 0.0451569283290121 0.00426719102375015 0.0285550430319577 0.00688159133190716 0.0268987798104182 0.0107427716564985 0.0299819325396017 0.0160984536048391 0.0325308889117318 0.0212926499056554 0.0394036378691424 0.0333305342665339 -1 -0 
55.2281 34.3783 0.101938707419478 0.00316700660805526 0.0306143614515421 0.00386666780099056 0.0176016069266502 0.00469210469301339 0.0146978377075066 0.00608089569874116 0.0131392626190331 0.00807032669838695 0.0117398429852052 0.00941949143330243 0.0104802589351885 0.00876026006997619 -1 -0 
55.2281 43.5735 0.0792243586381563 0.00293206723222611 0.0194359753084735 0.00293389984747071 0.00916403179014352 0.00297624241093268 0.00565011985578617 0.00275227403394454 0.00333201124257158 0.00213789022960342 0.0016848524838909 0.00133066849634616 0.000823739348463313 0.000502474937762936 -1 -0 
55.2281 55.2281 0.0608872125328649 0.00256493068309759 0.0129983620674252 0.00236401412687707 0.00588544838306069 0.00227505236140344 0.00328890596946228 0.00205050298378548 0.00183711786323529 0.00148113648201323 0.00076697231829132 0.000562349630719631 0.000155087565562591 -nan -1 -0 
