2 2 1 0 3.02736767309213 0.451065005579694 14.4756861512841 6.3530409701332 81.5844725318601 69.5414693104639 579.692712037191 662.710751842366 4109.8994371574 5774.22923232895 29389.5287799757 40678.2755151594 26929.8350081276 18991.8848949759 
2 2.53494 1 0 3.02302518340838 0.271489486131776 15.2043662578819 3.98120503440733 96.0725450944036 48.1710852519685 623.969116689055 517.245925806452 3829.67685791668 4758.80381549225 26360.4089494886 38869.1446094987 282975.695971471 231266.646300361 
2 3.21296 1 0 2.79012511469792 0.25187060466484 12.7109571703116 3.27677365997917 75.8735408114056 36.762613743417 496.211636650665 373.264690001614 3298.92390922343 3302.03301008413 24815.3086885699 24824.9464539119 149278.900756093 159746.659449249 
2 4.07234 1 0 2.79651519563671 0.178953919022664 12.8143533710949 2.55030982100601 78.7382776454724 32.0520580489729 559.629926084227 382.39879233599 4225.29035462081 4267.72146702898 37781.1291502946 45411.463399548 385681.451279906 462726.541167868 
2 5.16157 1 0 2.76400798959482 0.228768188317015 12.8294088645505 4.00571119007218 86.065118034689 65.6779412342928 745.159671327536 1097.42520219666 7845.55572191181 18334.9602492862 103972.539550804 312798.724184258 3119978.71028524 7332229.01163908 
2 6.54213 1 0 2.6556580077031 0.11567065484014 11.0192153371543 1.70433920055191 61.3245750503262 24.3663121424825 420.566424243658 369.629843441827 3369.98388126326 5743.7858708466 36397.1897086558 94887.4739973028 2231218.27114698 3615542.5786326 
2 8.29196 1 0 2.58323808142205 0.106075490680246 9.98308527793888 1.34513351144713 49.7346588438546 14.9423787493505 293.667668575833 161.803325579741 1913.20608620629 1705.21348942155 15673.3669561889 17445.2887220013 -1 -0 
2 10.5098 1 0 2.59727325243862 0.089372297246495 9.9096268201234 1.20417534326418 47.9354445404245 13.3650595674034 270.416395862281 138.45569749994 1675.98812989548 1346.65229324649 13458.9917192014 11976.7921068407 -1 -0 
2 13.3209 1 0 2.614195001017 0.0699338297749475 9.96782368917648 0.908764017539069 47.541037229501 10.0357088472285 260.954363435508 107.168332272186 1527.2181578715 1125.93158643736 11603.6711427663 11129.7860231952 -1 -0 
2 16.8838 1 0 2.65017692717144 0.0644534115891166 10.0474287502948 0.828848963642276 46.1758410188041 9.10574173203781 234.611025901283 97.1684760423392 1277.0064506044 985.666258617199 9642.80379482236 10023.5246742227 -1 -0 
2 21.3997 1 0 2.75531765934309 0.0452585162789588 11.0499426350272 0.665157613365194 53.6890954178393 7.93028069183859 282.023607466081 87.5557476531478 1410.74594853425 916.999489075829 9456.7692729246 9127.84677633329 -1 -0 
2 27.1236 1 0 2.9098067557596 0.0615191582482741 12.8691014289361 0.840060723368624 70.6171309922644 9.47819877119766 416.627812069185 100.596090852598 2182.31296360888 1021.28267240829 10337.3390484578 7432.91993392119 -1 -0 
2 34.3783 1 0 3.07803981114586 0.0602709444918213 14.7072287244458 0.856749219369739 86.5945509268378 10.3204835867294 527.027529763874 117.099837685665 2522.43599518426 1187.14036093241 9161.73584904714 9252.56465699312 -1 -0 
2 43.5735 1 0 3.30322702802577 0.063930808580308 17.7514340694056 1.03087159740921 119.665453311827 14.2887206550331 836.355089468159 185.141794545465 4569.77117907285 2217.23343835574 16267.5693161338 14913.2953304094 -1 -0 
2 55.2281 1 0 3.60211126608105 0.0769725662157041 22.2437242481877 1.42577779076776 176.201788450926 22.3306486234193 1482.3308065903 335.76415855017 10794.2249475465 4969.02032474403 78772.9572304657 58172.7980337043 -1 -0 
2.53494 2 1 0 3.04159068356038 0.335467196291388 14.5323627033706 5.56626793921888 87.1565910362158 75.4793500171974 590.680240412506 916.292932577535 5515.88565100693 10987.2280006093 72801.8345908006 130539.031472221 589829.16967874 1023688.93657237 
2.53494 2.53494 1 0 3.04308771416765 0.291254058611023 15.5191047494482 4.57495447291291 103.945540035191 62.9193783886532 782.89431575699 804.781060386912 6688.10175986222 9471.15692221816 75116.2454342297 107889.799056687 885630.214846168 1035642.04161849 
2.53494 3.21296 1 0 2.89191161547256 0.188399163720352 13.3980300460869 2.69437850870816 79.8278310503598 32.1698989246817 526.569943903121 343.383925332921 3586.82478463898 3289.66841883623 26638.8797373631 28803.9462199814 247799.035165229 233415.588019987 
2.53494 4.07234 1 0 2.78991318818391 0.15422676653593 12.4981153509478 2.34723142330459 74.1037094502746 29.0767127063128 514.529612877632 338.579146890117 3834.68950246994 3795.32785682972 34997.5124643467 41614.6789527382 511719.739630439 440708.055788281 
2.53494 5.16157 1 0 2.73912871737716 0.128212204874415 11.9734300904837 1.73514594985311 69.4652887331083 19.7446430350561 470.993386864126 214.686777661666 3463.34249134568 2244.18946855973 24444.6877632211 23022.3198565967 278969.182742815 183368.444916253 
2.53494 6.54213 1 0 2.69309213632731 0.130530437842862 11.4187686904695 1.76342827763633 64.7146021232845 20.367724282529 438.223555411793 226.837706118081 3242.56805971439 2462.38591205937 26372.7648621689 25708.3350196055 266242.408192076 205478.530364986 
2.53494 8.29196 1 0 2.64371058299097 0.0844929502405431 10.73055029619 1.27331561032579 58.0143563237306 17.136148829083 385.771049249187 231.272892900659 2975.80909063907 3092.97067674819 25876.7628960346 40344.2833960154 -1 -0 
2.53494 10.5098 1 0 2.59576603224874 0.0589943038901178 9.93747946577181 0.828025396273718 48.6318586890067 9.71051471711007 280.540168118995 106.867851426896 1763.60800916919 1123.76075117149 11944.0705777464 11010.5517923777 -1 -0 
2.53494 13.3209 1 0 2.63308395044999 0.0588710679779654 10.2160155623023 0.846294107979453 50.7423247041135 10.2191389310731 302.081228008726 119.188232447971 2038.03285993815 1369.00769997477 18034.5638643385 14726.675222298 -1 -0 
2.53494 16.8838 1 0 2.67546750603255 0.0522111372345181 10.3929811392237 0.722578472469929 49.6286025878243 8.31407812150343 265.365610783336 90.3942270580672 1445.67165043632 948.726893004495 9565.62235913982 9113.37421979758 -1 -0 
2.53494 21.3997 1 0 2.75759867761214 0.0512507049483786 11.0481916191465 0.667985216278844 53.4147425166592 7.02119828260746 275.561227690113 67.2948344590321 1267.363890309 598.434685868785 4801.08323405591 3582.7398059789 -1 -0 
2.53494 27.1236 1 0 2.90948610659136 0.0497137560854435 12.7571267039746 0.678292341644709 68.9100279434248 7.81352279067632 398.790210552034 85.6852298746288 2030.28348347007 896.961377886455 8628.30949446326 7128.6048482567 -1 -0 
2.53494 34.3783 1 0 3.07191842990432 0.063168072891466 14.6091577565629 0.924267494723719 85.5347858326192 10.9692219214646 517.327175506979 120.188947406843 2402.28042095837 1213.1782607655 8242.7222720426 7662.33407319815 -1 -0 
2.53494 43.5735 1 0 3.33088689084144 0.0724569684032094 18.1822497879106 1.15350865906781 125.364294450554 15.7119521614616 906.131584204919 200.581384750127 5343.11307911186 2383.29428660034 22661.1778781034 11405.4410837726 -1 -0 
2.53494 55.2281 1 0 3.59394693816738 0.0979963071649863 22.1433480172062 1.65361443206353 175.536938542746 24.958403745629 1482.90512659332 369.525129149582 10832.4910338709 5253.69028450384 66903.8962573535 56800.2397403477 -1 -0 
3.21296 2 1 0 3.29218968844764 0.424252377747234 18.7412434912236 8.62218932992634 146.647486486937 149.676518058846 1380.55812812266 2390.84347444011 15114.2277717869 36345.9660959741 238560.049805118 594608.509873437 4250884.80586288 9442279.17340064 
3.21296 2.53494 1 0 3.07318510526466 0.249003648161839 15.4661701636585 3.83964201893516 100.960688511954 52.7662064603605 754.899291018916 690.137612385729 6012.12722105563 8464.52163912028 61762.0144257595 103942.073160191 820949.900504521 1300155.37484384 
3.21296 3.21296 1 0 2.97951370096976 0.222020238435035 14.4013146630541 3.17891894209906 91.1404908307539 40.6479926125628 669.844208681702 521.684296032127 5277.82067665805 6786.39584501688 46606.3462808923 90529.4970303154 512071.230103014 1324576.22617056 
3.21296 4.07234 1 0 2.84503504182499 0.177814531865424 12.965591085564 2.69280576321171 78.5862284382404 35.2009926204114 570.540297492158 444.206262049268 4603.51112762097 5462.41153304351 43152.2098572601 66676.6707065265 560067.811553393 916975.688629765 
3.21296 5.16157 1 0 2.78580409365915 0.13206441281583 12.7769866008669 2.01450834255105 81.0736883219138 27.0927521287708 625.343799054827 362.735984443277 5332.63964757844 4817.71994214489 47973.7509571101 62247.5856323669 733668.719646679 1008459.52121542 
3.21296 6.54213 1 0 2.73057432869934 0.127533185053043 11.9597865738487 1.89251180901112 71.7466730982363 23.7656732162574 525.827825139284 290.051697077486 4298.75571066975 3514.60425230936 36580.0963881076 42069.894406238 537417.633023754 665936.421407482 
3.21296 8.29196 1 0 2.63682974730798 0.0813305664482072 10.5286864693144 1.08188427506449 54.8183026282051 12.4491476316417 339.343090701051 140.514228870238 2308.65091864491 1583.71043694473 16672.7265500168 17694.4346017184 -1 -0 
3.21296 10.5098 1 0 2.64284410203511 0.0674831368060196 10.5642675389997 1.04385298205366 55.9330152966926 13.788232723542 366.22274104879 171.926201611675 2774.58617523507 2054.67081525076 23999.899504625 23402.7382092732 -1 -0 
3.21296 13.3209 1 0 2.64752529439245 0.0512667383230533 10.3023229900019 0.72364005278055 50.4020417592675 8.73331228172602 284.16493076524 98.9800784079226 1703.12880055458 1066.56932384257 11155.5385758363 10620.998110539 -1 -0 
3.21296 16.8838 1 0 2.67647905487155 0.0538074295860666 10.4448344102251 0.716953971016559 50.7938608922612 8.10768092404634 282.991030062316 87.9383858235929 1696.80659904494 899.01563675254 11424.8446886113 8111.49415601925 -1 -0 
3.21296 21.3997 1 0 2.78218051524416 0.053779709106798 11.4261556769341 0.702456341335045 57.4992426505833 7.63129131195453 313.097503723159 78.0263576987365 1560.46949024751 751.281315157062 7548.43944610069 5336.84135127389 -1 -0 
3.21296 27.1236 1 0 2.91775781092432 0.0522143810998955 12.8760926423531 0.685341614079239 70.454085448117 7.52848931749431 416.85193208505 79.0827150594275 2214.22737631341 800.298350058336 8459.13374860286 6648.0526246969 -1 -0 
3.21296 34.3783 1 0 3.10765493978143 0.065014400123304 15.130048235714 0.940249294695009 91.5329120206207 11.2974315532001 580.543516927718 125.495871366085 3004.50481021376 1264.77288698168 9072.04456073324 7399.21042935031 -1 -0 
3.21296 43.5735 1 0 3.31990313787281 0.0633368284945625 17.818812867737 0.964576241262759 118.82844277265 12.4253017432779 809.468080018725 150.997700796915 4094.97671880072 1740.02970869036 13375.3360402697 7549.45961397014 -1 -0 
3.21296 55.2281 1 0 3.59864716100642 0.0891512543997033 22.1373404870499 1.59452879980584 173.883183864157 26.1795663559403 1446.73150827398 418.994956372506 10609.4180550114 6206.27378178851 79420.6205967151 77251.2039783514 -1 -0 
4.07234 2 1 0 3.27837650623868 0.345177888558708 17.4709145991115 6.89352106462232 127.780528990871 120.028399504768 1192.37640198251 1932.0184165939 13998.0333788027 29791.9007007295 250825.23038858 493662.251587457 4372704.73744104 7336042.75139515 
4.07234 2.53494 1 0 3.21477075196026 0.236989718951471 17.2082467947174 3.94607730743864 118.044528948378 55.0518271573559 904.287796962244 693.678297063075 7155.24513656895 7955.28626781358 61071.4245825774 84383.742086654 720731.263555857 879994.729714244 
4.07234 3.21296 1 0 3.18652126762303 0.220477563515916 17.6769122078578 3.59216201178196 136.805013082552 51.423978144832 1272.75153327313 712.540494935612 12841.3852794018 9585.22714720109 131148.708622755 123466.058198175 1423304.91101464 1505786.99237288 
4.07234 4.07234 1 0 2.9782996294486 0.158135445837088 14.584255758293 2.3785473013846 95.1380356374378 30.3181046095809 727.276176808409 365.105454806055 5982.489394792 4211.81128366341 50658.2725608624 45921.002948878 655841.231607641 414396.246190473 
4.07234 5.16157 1 0 2.93125549792894 0.137095828316743 14.3699170891015 2.30774899304072 97.3516875194064 34.4430833410076 811.788979691159 527.380925408406 7743.17390068825 8322.84238480716 80526.2210587394 131676.903849732 1419342.18820552 2766725.18581471 
4.07234 6.54213 1 0 2.76286916472603 0.107740141681093 12.1018421268803 1.54369780926995 71.6397658025781 19.4551957365648 521.381773495574 245.593297609872 4340.85130879446 3116.14172259837 40518.7141222622 38930.0472461104 332713.95977587 191094.166566073 
4.07234 8.29196 1 0 2.69903268939055 0.102385318177142 11.3262212193838 1.5508164020804 64.6147105464906 20.9564375268502 469.447050021373 282.573760393803 4090.37098052192 3805.96491573066 41722.7583059762 50816.6286786128 -1 -0 
4.07234 10.5098 1 0 2.64855918714249 0.0715949893716576 10.5624518631261 1.0092868576408 55.3616262631467 12.2658790501042 354.327322219218 141.934562689127 2580.12980739296 1583.93415122918 21515.2381791191 16460.6543492242 -1 -0 
4.07234 13.3209 1 0 2.65724961469345 0.0572885707802118 10.3720526270045 0.767238331777031 51.0276451668704 8.8471944317764 292.839296251513 100.313812813861 1839.1548646937 1139.17792514659 12866.8293592643 12758.1901170916 -1 -0 
4.07234 16.8838 1 0 2.69738363478429 0.0541347493570479 10.6157554837682 0.719354530143033 51.7272901677969 8.27779870436625 285.357513054904 91.9670550592632 1628.33556569012 989.237579598906 9809.31994059374 9835.48637673905 -1 -0 
4.07234 21.3997 1 0 2.76998666133885 0.0465493583651214 11.2361392359179 0.600724131215294 55.5546775089239 6.58604759220411 297.098757242737 67.3761629637023 1460.38070995259 639.947662232945 6633.65763481616 3768.15848593575 -1 -0 
4.07234 27.1236 1 0 2.92452271065448 0.0491407973661892 12.8821966901761 0.675073413723606 69.9010855981358 7.71483819424859 409.117972229303 85.0445475826896 2161.78482250746 915.301736107661 9875.45927931276 8157.49884414657 -1 -0 
4.07234 34.3783 1 0 3.0707499917921 0.0515985941421953 14.6076639600749 0.751967581139563 85.8956288246838 9.17860302259723 526.49135608863 102.883990473588 2551.59823894224 1057.95778876753 6996.88913364655 7629.27511391652 -1 -0 
4.07234 43.5735 1 0 3.34547942112428 0.0759524480019056 18.2304565982183 1.20251262552276 124.008578125718 16.1383394304321 870.100463938897 203.856104244559 4745.76906609791 2368.2741443892 19019.6840253529 16648.6607457658 -1 -0 
4.07234 55.2281 1 0 3.60173245865596 0.0976019119453322 22.1854256455525 1.92880166574122 174.176087785608 30.566642360388 1438.75775977611 449.846337524405 9990.84179373816 6249.14104882733 69365.0126328574 51144.1816411013 -1 -0 
5.16157 2 1 0 3.4204961974079 0.339122604544065 19.3609435921093 6.23476091982585 145.521686529991 103.243411684297 1308.41275675417 1681.1169254196 13526.4733239397 26812.0043086825 157025.291405342 416424.666961365 2449236.02189261 6854278.59695513 
5.16157 2.53494 1 0 3.34940432376664 0.289950350291295 19.0109905736331 4.83841123264956 143.463435095376 67.4269148020474 1253.87488507138 877.363680069408 11605.0666499203 10790.1690663761 108624.173857798 124980.174703124 1210115.03765446 1404448.43237694 
5.16157 3.21296 1 0 3.18943595026056 0.227515132996148 16.847107793939 3.6970121796285 118.627972720957 50.5240555833171 990.91967311351 659.959144238453 9097.33568642193 8352.10502498017 88296.7733203529 101622.280920151 1029307.22841719 1224587.35711153 
5.16157 4.07234 1 0 3.10112994804153 0.187246894261658 16.2290002539133 2.92088347093927 116.404454756787 40.648941272085 1015.02617346441 581.524662805136 9945.18333113349 8585.21905368714 103516.476001217 127241.59188094 1249274.17004538 2002967.27574795 
5.16157 5.16157 1 0 2.95865937556875 0.125964195235427 14.2874939270523 1.85069280609993 91.7080027696349 22.9208344799116 692.658541121306 276.64236676328 5689.58793247263 3365.66030759883 47963.3804149506 41336.5189668794 733155.526791555 674525.292746554 
5.16157 6.54213 1 0 2.82256277617579 0.101764716940037 12.7227949952496 1.55128455180608 78.0418712451728 21.8830819638594 598.52345806648 318.947020498097 5387.28066787975 4761.65871697313 53815.9518351824 71429.2243778585 3226788.23547148 852079.935284628 
5.16157 8.29196 1 0 2.74214642051265 0.0863443330548784 11.7112676873983 1.23146125240806 67.0349320514609 15.6478149800054 472.453159678927 199.095130891363 3822.76715849783 2544.31087559862 33342.0266850055 32304.4371495054 -1 -0 
5.16157 10.5098 1 0 2.69535721860801 0.0797059731928097 11.0052940945071 1.09634138348876 58.3444837053175 12.6029324865519 368.436138527528 139.968881392541 2576.38475020778 1544.36432662467 19287.2288434278 16784.9631938691 -1 -0 
5.16157 13.3209 1 0 2.67349881016149 0.0603536203604342 10.592227325761 0.780857406440447 53.5085609160104 9.03162429920911 319.301462598302 104.270899898318 2104.90382217258 1195.87953617785 14727.6386509531 13254.6638906993 -1 -0 
5.16157 16.8838 1 0 2.69750806517621 0.0475983000079743 10.616453832148 0.632780916410627 51.5899474414865 7.04978721279765 281.703294579917 74.2636063538899 1562.30002486005 744.149615349598 9026.87920781154 5784.66326124163 -1 -0 
5.16157 21.3997 1 0 2.79131516455026 0.0510250008709121 11.5306913144105 0.66980272986296 59.1425920502651 7.44515084108103 337.874706442636 77.761849687158 1879.29925792823 764.164975957653 8210.02370572014 6387.8486705424 -1 -0 
5.16157 27.1236 1 0 2.91615845094075 0.0502091044692766 12.8534020003811 0.66348596723582 69.9353473063597 7.56231537450915 408.461126483764 83.3623250912095 2111.38199129546 885.578526666914 8913.41335179203 6571.57538338454 -1 -0 
5.16157 34.3783 1 0 3.06444356561198 0.0631739305030325 14.6165318667047 0.853057277750319 87.031355592089 9.90694156167124 549.097791716863 110.94956912476 2872.22352029582 1189.91757210686 10841.9417241437 8114.52460580785 -1 -0 
5.16157 43.5735 1 0 3.28964161048422 0.0730957672368827 17.4844809585793 1.15158230743428 115.706287657881 15.6704817992699 784.517183750384 200.069356549926 3962.54754760904 2338.35503317508 19553.6947420974 18560.6042584265 -1 -0 
5.16157 55.2281 1 0 3.593270342355 0.104262635999509 21.9020774543804 1.84090872692646 167.393555311069 29.1585548410559 1301.38768609174 433.618918700013 8337.97083610481 5424.54467152907 54551.0947708842 49871.5388949213 -1 -0 
6.54213 2 1 0 3.73494534669805 0.320614144700862 23.8690166430007 6.28671480623335 202.183170548767 100.709577611547 1981.22045590032 1485.00635756174 20617.6263462518 20587.7552764743 214971.714106426 267958.155838277 2416972.60502353 3329368.85316281 
6.54213 2.53494 1 0 3.48463327146341 0.245066078750438 20.6852929497155 4.21240713521626 164.714581756727 62.8475673220862 1547.6516623529 912.845364834628 15833.3425167876 12968.5750837965 166737.740967251 178038.431863363 1973793.722322 2389625.61156839 
6.54213 3.21296 1 0 3.39562099277465 0.267458121228957 20.0732445109958 5.2282791747181 167.607672227258 89.7025885757104 1751.62280562362 1498.89741265694 20909.2308857136 24786.3225195016 266827.708932263 405133.561016642 4136244.04596182 6943531.65284729 
6.54213 4.07234 1 0 3.23949572458117 0.189922207019333 18.1507635950644 3.20250239099681 141.814192985884 47.6622613060271 1355.59743672732 699.686033951466 14521.0307746876 10245.1100062241 164214.802356294 148752.240488486 2172609.90004197 2137758.56146642 
6.54213 5.16157 1 0 3.04550123404957 0.150073732238174 15.314491871653 2.31918066951158 103.322957465983 30.6801831060244 830.95679753043 400.195757836573 7386.82999859284 5240.13006613469 68812.1740067366 68349.5883156501 1215011.93212083 873966.296712909 
6.54213 6.54213 1 0 2.92350173317882 0.117877319342548 14.0990350750968 1.99239968691743 95.029808162535 29.5223689446696 808.36177773374 436.201881877447 8009.91994922101 6539.73421064931 86910.8774500578 98945.3895979826 2277956.53346006 1479036.80909394 
6.54213 8.29196 1 0 2.81993056270103 0.074626279926203 12.5393499696791 1.13425741721202 74.3067549183164 14.9414450669008 535.379693648051 196.682891112486 4390.35518909124 2632.22037686905 38777.6651327402 35468.8272438951 -1 -0 
6.54213 10.5098 1 0 2.75344855059828 0.073733512527981 11.6819387163138 1.03867960316882 65.0322422120876 12.4892012022795 433.377845644503 146.264228194421 3204.96127710846 1696.25669287763 24888.4421568148 19133.4450399376 -1 -0 
6.54213 13.3209 1 0 2.69810814251397 0.0593004448347697 10.8464857577284 0.758427456114377 55.2920931105432 8.30572526570145 327.967506584907 89.9204462358553 2100.51543066384 976.295114441235 13481.6711308532 10264.0633628684 -1 -0 
6.54213 16.8838 1 0 2.74000937833768 0.0497867400830973 11.1846840864984 0.647390966819711 57.2842150447474 7.00228313181588 331.495077664847 72.4037540665613 1941.08053708023 728.991273664738 10430.5850189904 6383.7137043629 -1 -0 
6.54213 21.3997 1 0 2.80279164814039 0.0465285730223289 11.7003487721331 0.651983608335313 61.0451633494242 7.69560773543581 358.107288480453 85.9284387531755 2092.22169463134 922.904355634041 11372.7123909252 8570.81836531656 -1 -0 
6.54213 27.1236 1 0 2.90058699892835 0.0569752748529134 12.7098132304657 0.770842911132435 69.4199268803154 8.81986854853599 417.052776936852 97.4671583709929 2348.02868480459 1042.32939444148 10593.9415376463 9222.71043813441 -1 -0 
6.54213 34.3783 1 0 3.05465702510273 0.0717035211428872 14.4208371218241 1.07813994789372 83.8068667432908 12.8544254240048 502.948585269956 136.8372518186 2339.21958067531 1231.90570772128 5776.34384973896 4658.1517577102 -1 -0 
6.54213 43.5735 1 0 3.24705837815952 0.0751160720249072 16.7677300788526 1.18232478294171 105.119239039433 15.6464808261744 635.60826080222 189.51684582393 2362.48689081072 1969.47553900741 16063.2780620926 16357.0137362738 -1 -0 
6.54213 55.2281 1 0 3.56183947259623 0.143123992386152 21.6928550124282 2.64527882070006 169.381481823971 41.8343125891647 1393.23398393236 617.666301136914 10807.7982261767 7653.14546246581 80966.6351598015 73654.1171829574 -1 -0 
8.29196 2 1 0 3.90145291435467 0.370369928356431 26.6343771355923 6.80210624454647 242.376002345213 106.454483718518 2542.27963403709 1578.59393709963 28199.0305837768 22401.6476976964 319300.883468139 301782.495139827 3662841.84555139 3836720.10658259 
8.29196 2.53494 1 0 3.7890191668258 0.251248127555546 25.0333672720273 5.21962574682314 221.403019954774 89.15405744417 2292.27263236713 1412.14956755804 25726.2819263756 21313.7458279144 297811.418227217 307682.053191523 3497214.33209887 4236397.10976509 
8.29196 3.21296 1 0 3.52503550986362 0.233826497999809 21.4138835091384 4.71464418427579 177.671701603568 81.7620626965108 1795.72159689007 1380.01595217794 20612.9116553054 23082.4782953653 255775.416715684 380987.779188764 3554141.7301479 6419663.04045573 
8.29196 4.07234 1 0 3.34967995504274 0.163104786335695 19.1588875607214 2.87265622014813 148.239279987767 44.2202369128526 1365.88060993731 661.501529013429 13877.9645091056 9697.36749998376 147916.939234306 138375.444154664 1986764.95945352 2027149.24969537 
8.29196 5.16157 1 0 3.17800951010871 0.119473182890902 16.9629571747786 2.02113183901589 122.871882913225 31.2715945687416 1077.98985012578 481.4908842518 10702.030177135 7359.84050346507 114780.83381633 110628.074164945 1974679.51193552 1099914.53173764 
8.29196 6.54213 1 0 3.0118130814013 0.11498767018503 15.0300724403273 2.14132638780967 104.174603031429 37.1294052010327 915.309132428485 649.000963622791 9591.04598520359 11325.2102717939 114135.933258794 195549.755076221 5695643.91179446 1936580.88370566 
8.29196 8.29196 1 0 2.89064026927843 0.0850871984682313 13.4326203711676 1.43923919662278 83.9072997134776 21.3853187949833 636.46439266392 310.727397304559 5463.70808069806 4475.82914304317 50351.8542157675 63741.2328791223 -1 -0 
8.29196 10.5098 1 0 2.7717527546319 0.0638961132214474 11.7747175881481 0.937724984384875 64.7465178437884 11.7502652150499 421.010457815661 141.631065256556 3019.46333178068 1677.21986538914 22235.6713915676 19479.158726739 -1 -0 
8.29196 13.3209 1 0 2.75853219705386 0.0571141035562084 11.5858795219298 0.773843285856311 63.0592882583386 8.82243755252785 406.34638903888 99.2730302416337 2859.18988421564 1124.70486947824 20359.4358320227 12330.5950065142 -1 -0 
8.29196 16.8838 1 0 2.77404303644865 0.0516257561636535 11.6163098074948 0.729392847592473 61.8696114956798 8.69358829559045 379.863988592109 99.2676161116043 2447.96366199865 1096.42298418714 14895.9808909077 11257.1123404112 -1 -0 
8.29196 21.3997 1 0 2.81176882561835 0.0518237876052624 11.8771941060038 0.712528442654975 62.9778949266768 8.35300384809702 375.742834807082 93.8381698779935 2230.27377726547 1020.83546031929 12759.1815480926 9396.43338372637 -1 -0 
8.29196 27.1236 1 0 2.89651348292254 0.0495041168027426 12.7025784742472 0.717080661640261 69.6223835747823 8.51991803518216 421.414281478675 95.5446414509557 2456.70496364338 995.838548268934 11557.2987337293 9492.46022465262 -1 -0 
8.29196 34.3783 1 0 3.02236641819203 0.0609926997287684 13.9516193535011 0.847529677829629 77.6058574107227 9.36722145692093 424.115884678589 93.8525330136161 1413.10470391539 821.732037146705 11696.2490678401 -nan -1 -0 
8.29196 43.5735 1 0 3.24830132489033 0.0951360154947738 17.0645789092021 1.45267244972566 111.97977806275 18.4844014590826 748.522333186327 210.935571246012 3773.75906413786 1852.64561137103 16884.7130993837 5005.04788529648 -1 -0 
8.29196 55.2281 1 0 3.51812688404963 0.132347237081611 20.629905734331 2.2854468398996 151.063552946639 34.942851931612 1122.9584043481 503.027404326747 7904.50780124107 5790.01970928794 73232.457932567 56390.5506386337 -1 -0 
10.5098 2 1 0 4.07373801776078 0.294053502235927 28.8823155812808 5.9359849467163 270.552897813733 101.765002751714 2921.89846717574 1664.15292335992 33691.7142751566 26535.4389263944 395441.768644734 412655.236646088 4602860.63141251 6222672.23482428 
10.5098 2.53494 1 0 3.94868229942224 0.253632670066016 27.630983838636 5.52725363504803 262.094563569959 102.364839283891 2948.40926623043 1773.85965237178 36367.9519729579 29469.5311130551 467125.304211322 472442.534382648 5883324.86892371 7274006.22076912 
10.5098 3.21296 1 0 3.74454462924176 0.221076110462373 24.8836487702137 4.80652007081956 229.593165648432 96.6975123856304 2605.18218607759 1954.35476459324 33840.3984514074 39650.4449354333 480415.357846592 799933.925784622 7285664.50031494 16285611.3863092 
10.5098 4.07234 1 0 3.55239574678005 0.196840939419761 22.0144030176599 4.12310149443644 186.185499762289 79.9926824078779 1910.98362490809 1536.89117104751 22334.458133432 29168.5872637981 285267.688084551 544362.410532183 5490920.40103844 13139226.6064154 
10.5098 5.16157 1 0 3.37508783649153 0.169923754601115 19.901830476019 3.18215884729237 161.961508951985 53.7875669916662 1608.37876288915 899.928627740693 18156.3857810759 14935.7598298217 222219.662129371 244152.219623506 4895726.48820035 3545832.75205344 
10.5098 6.54213 1 0 3.12144466139564 0.0959693969918581 16.3608785905952 1.85514778857977 118.104025231062 32.0414469884523 1056.79171109469 541.830329398884 10968.5995616757 9058.65250155011 125921.265459027 149311.843047776 -1 -0 
10.5098 8.29196 1 0 2.96960305561462 0.0906613499786172 14.5747683261212 1.65523679230988 100.810778065862 26.8211663428792 900.78178669393 432.394355435185 9642.96743129731 6987.31136553096 115502.46683147 112202.381723151 -1 -0 
10.5098 10.5098 1 0 2.84435246667876 0.076122896980918 12.613831840236 1.04969041707672 73.337213887837 12.4946059421094 510.13177768196 147.884346634006 3960.95574971384 1795.04143125284 32121.9268314107 22322.0755761894 -1 -0 
10.5098 13.3209 1 0 2.80699500748723 0.0655352464663423 12.2476973015159 0.883478746123909 69.9485675505929 10.3985270844816 474.405321437113 123.259091384995 3527.07810252366 1499.17098459004 26327.2557533561 18374.9609787032 -1 -0 
10.5098 16.8838 1 0 2.7686583207406 0.0593294478431956 11.5457998014486 0.820383806388873 61.0478042872354 9.43394213709079 371.263741762749 103.814591980001 2364.09188306444 1122.72941154873 14430.8412011754 11560.1678366635 -1 -0 
10.5098 21.3997 1 0 2.81545901618307 0.059534849507569 12.102471902387 0.854215421254399 66.9561509197142 10.0403130471867 429.480681260171 113.328663160077 2867.13200232905 1259.73663720303 18687.7588584412 12542.0039845764 -1 -0 
10.5098 27.1236 1 0 2.88383856247271 0.0615253524962406 12.5828121202909 0.855613334571897 68.2386566392058 10.0377716882851 402.135674098772 111.327664706746 2178.88059225475 1140.09674162378 12867.964829155 8392.07681345694 -1 -0 
10.5098 34.3783 1 0 2.97544873889382 0.0740723341009998 13.4842468561065 1.0067788043535 73.8961346494798 11.8153537073059 399.436634378934 130.709889553835 1645.60509812631 1079.9382663382 3979.25147944372 1216.85926972597 -1 -0 
10.5098 43.5735 1 0 3.26339063598446 0.0955629549894124 17.4258231983836 1.35811835663484 115.553820877168 17.3796959560428 755.458346123881 211.601802765665 3157.05054249562 2268.05470648948 13945.9875011427 3263.60127638603 -1 -0 
10.5098 55.2281 1 0 3.48611886512767 0.14383753176666 20.5965397347338 2.79187458715418 152.910399978575 45.8713132130909 1140.76594875791 668.744643877705 9518.17297293691 7348.2509711836 117677.229932044 84321.2549053668 -1 -0 
13.3209 2 1 0 4.44574729866918 0.411884234336859 35.6325512940347 9.2604393241076 383.602831432538 170.821658626241 4783.82334993912 2923.25232004612 63579.376794324 47749.7110120074 856424.343080149 748131.857416186 11648123.7995429 11129047.9279047 
13.3209 2.53494 1 0 4.20076622024861 0.252574887004832 31.2894479152007 5.96895745930972 313.93234140093 126.911539715522 3752.97332863644 2719.62115262282 50177.527592902 59478.2984940791 723694.347804528 1310605.02040029 10755364.254215 28621914.2854467 
13.3209 3.21296 1 0 3.88429582307556 0.208373510680027 26.3133197958999 4.34558655600852 239.35363423869 79.3104110431931 2593.88303958386 1404.87014321464 31369.1258926114 24612.8912180637 405604.233378009 426813.758228832 6019111.38738965 7666464.12381461 
13.3209 4.07234 1 0 3.74517479883303 0.229157504177935 25.050296098152 5.01957423308664 234.202918752009 102.185036005641 2736.33879961783 2082.72942225097 37406.9063696097 42448.6625047859 569607.641625311 859080.245212279 15974909.1116167 21644142.088081 
13.3209 5.16157 1 0 3.43619182112193 0.138115690724664 20.2639009542106 2.44643030409722 160.255001308511 38.528958145307 1501.84740363541 605.147348700229 15562.8123829291 9620.11144032114 170465.479123698 153945.14153096 1460123.70874093 1153055.73781993 
13.3209 6.54213 1 0 3.30606092003185 0.15025085848225 19.1245513369352 3.16480898547734 157.430384589164 58.8095274927887 1654.66210518791 1073.75841862701 20665.3085344752 19526.0950533369 289773.637316524 352747.760511335 -1 -0 
13.3209 8.29196 1 0 3.09888358562958 0.0995170531759042 16.2960243186424 1.78914801554706 121.107209358599 29.8113958660561 1147.47838374494 508.572529563124 12832.7388046309 8854.82389386415 159472.35067834 154976.257636638 -1 -0 
13.3209 10.5098 1 0 2.93537480793152 0.0915786061699168 14.0164933125713 1.42835762965191 91.2797192692611 19.318069099726 732.259566535726 258.522714253915 6691.46420803414 3487.41581696094 65187.5924983941 47007.1429267502 -1 -0 
13.3209 13.3209 1 0 2.83761141119671 0.0668967234426414 12.719313169294 1.03965179494999 76.5945400633466 13.978567699507 565.672003641045 183.462532159937 4735.32044280277 2374.6741873879 41532.7789701185 29965.0261051055 -1 -0 
13.3209 16.8838 1 0 2.81343232461133 0.0485353916170677 12.2694196443858 0.734242945365222 70.0711320594629 9.8171018325586 474.841450285313 126.112802978828 3486.5364086991 1563.71345708402 25223.0781749594 18254.5513275505 -1 -0 
13.3209 21.3997 1 0 2.81546283681194 0.0513431497668542 12.1989161510788 0.767176241917002 68.1123607119779 9.62007828360829 438.109200991209 115.110003588648 2881.31431971939 1331.75511788336 17906.3761995344 13746.0727114332 -1 -0 
13.3209 27.1236 1 0 2.85709883908243 0.0696815860640723 12.3920216626612 0.987268808838323 66.9595783709497 11.5718828780811 393.001962952106 125.915178087016 2189.04656216727 1177.19990718126 11535.5990019383 6909.06321256282 -1 -0 
13.3209 34.3783 1 0 2.9812184357356 0.0821349044614747 13.7726582859191 1.24100985717918 77.7041016158405 15.0252848535087 433.474611811082 159.884716862236 1825.29887328127 1241.73574316622 10999.2569735775 10769.8581606372 -1 -0 
13.3209 43.5735 1 0 3.19973398802229 0.103091911180074 16.6168714217454 1.50717765436196 105.713009391016 19.6100504045422 642.240092815458 238.372118369407 2828.21628568019 2123.45313460435 11906.5682736777 840.485775420542 -1 -0 
13.3209 55.2281 1 0 3.44697320638881 0.191612966611996 19.9745734443092 3.43210784174837 141.674843331293 51.5716191794145 955.364824082084 706.227034909762 7793.00719576208 8527.76360571177 49502.7207385661 37301.0583102585 -1 -0 
16.8838 2 1 0 4.75296387595559 0.420011500390131 41.1331132250501 10.378263960947 478.341083193797 226.644274914614 6561.62589252778 4927.59447262242 99516.2680090766 107847.961053258 1606177.137585 2357446.92835701 26649992.9772783 50923956.573793 
16.8838 2.53494 1 0 4.44224802515328 0.311914298832651 35.641458307996 7.67745124827088 384.709776422087 181.799291555195 4949.72667593488 4473.15674026406 72210.9285453975 112495.184587343 1168320.79865203 2836651.22610089 20489765.6260764 71416867.1999855 
16.8838 3.21296 1 0 4.28303847543788 0.227222544865241 34.0456228347879 5.84082275061307 374.036510961242 139.00701222845 4962.82222988765 3313.4944028353 74355.1250077902 79385.6505886717 1211422.40828416 1899310.39736753 20314261.125543 46086875.9448311 
16.8838 4.07234 1 0 3.91316650146779 0.236639056397748 27.7825104862579 4.96979894822529 273.419996977658 93.07886712347 3273.18511153902 1767.72293851457 44310.5985848735 34798.6771811218 647912.911244719 706646.157528604 10651193.24344 17559863.2873455 
16.8838 5.16157 1 0 3.7090119928438 0.193264545718161 25.6105602824905 4.51804298535439 257.322223515524 93.39543405727 3264.36302329161 1889.21344657064 47714.8620871625 37812.6118605853 756574.561089062 747751.419663892 11870656.5121852 10896946.2673034 
16.8838 6.54213 1 0 3.38415909358523 0.16644112203075 20.2305936333527 3.50517375556639 174.649774053546 66.9286605797983 1954.27215256645 1284.65705623382 26172.6801655429 24938.2533071996 393797.19533983 485812.722055755 -1 -0 
16.8838 8.29196 1 0 3.13482609508367 0.10298883150682 16.3749230067992 1.83446591736965 116.69609434012 28.4890767902048 1023.18439652797 438.453401039203 10290.6105147339 6903.47718971968 112408.006310374 112073.954363089 -1 -0 
16.8838 10.5098 1 0 3.02544140121217 0.0875900006220855 15.3484049819126 1.5815731023962 109.338714650355 25.0964072681272 983.100368895582 391.397747832267 10233.2026232986 6081.37562879391 114925.438034214 93306.5282768198 -1 -0 
16.8838 13.3209 1 0 2.89594288618127 0.071469274114639 13.5744769017442 1.12444047010251 87.4235980670446 15.9493555188267 701.955926294854 226.334472516503 6443.76191031032 3189.1280601636 62311.3867936463 43698.3464752021 -1 -0 
16.8838 16.8838 1 0 2.83199978005274 0.0578808102522042 12.6856725727286 0.863167067125411 75.6887237790152 11.0940392172649 541.420989132297 138.430366103832 4219.26745650584 1695.38261182306 32679.7599032734 19685.3184415694 -1 -0 
16.8838 21.3997 1 0 2.80812793732416 0.0652168116123556 12.2524347737405 0.974777401648816 69.5129200349018 12.1397760366318 458.435557503946 144.554305004865 3129.59330234614 1668.14529577434 23935.8429604045 15341.7688421662 -1 -0 
16.8838 27.1236 1 0 2.82536529725636 0.0777721799088149 12.2548593876248 1.09747764914024 67.2041243739435 13.0064931922001 404.701939909569 144.815319397038 2318.33448342725 1428.33934377023 12996.1734402715 10542.3834197864 -1 -0 
16.8838 34.3783 1 0 2.94120781907093 0.0828798693804404 13.3755461600096 1.19947548472034 73.6109868328336 14.6925673661434 390.601119158874 163.505956509437 1737.10271768212 1076.682113801 5108.94137764458 -nan -1 -0 
16.8838 43.5735 1 0 3.05861034148683 0.127513929767522 14.9647421351499 1.82334803004973 88.3269479087794 22.2805580956407 476.555169044777 236.061695148741 1898.95386606798 1935.36931857804 8876.15898853171 -nan -1 -0 
16.8838 55.2281 1 0 3.4161646114376 0.191147481520919 20.2192904705162 3.49072479868176 151.35080713189 53.1008892140214 1135.87522351439 726.398019413943 9891.68161920345 8575.22462631323 96788.5167043623 104154.703259861 -1 -0 
21.3997 2 1 0 5.10194154566803 0.477667525642765 48.077671581442 13.6260179515748 605.473305716144 352.876207815566 9000.33118260256 8879.16202282491 149589.062439879 219433.831006416 2694499.55234319 5335602.50501087 50859833.8381018 127215042.426128 
21.3997 2.53494 1 0 4.76483750113926 0.422198714759146 42.7807130602496 11.9818214573392 537.123652622646 311.363586358347 8289.34635855406 8208.26334316852 147106.592227684 221186.038930206 2878348.67470586 6036641.6907652 58866043.6420989 164988247.334834 
21.3997 3.21296 1 0 4.38202155257543 0.283149427065386 35.803963490276 7.40793077332738 410.494716441378 182.323248207652 5800.70159733662 4574.94115059427 94561.74211902 116402.200996823 1709631.15997572 2968540.41530706 35605548.3616326 81394781.6810016 
21.3997 4.07234 1 0 4.10216595638747 0.203649988657593 31.1365449590138 4.9282882487624 331.791583069002 108.163377309676 4354.68876890375 2379.29557847279 65424.258458902 52919.1427064524 1073032.03966967 1187272.06499751 25140823.3126536 32016884.6827102 
21.3997 5.16157 1 0 3.7555260644347 0.184539305619837 25.6725227108758 4.39626300991289 250.393683521371 98.7678750276203 3092.1790245164 2210.62627082419 44968.0145479158 49142.0557211012 730533.628151268 1080556.09751473 27579522.1956795 21307364.7904983 
21.3997 6.54213 1 0 3.57449730797185 0.140940346248359 23.2963906391854 3.23483131635475 219.980253434714 74.3338287636217 2685.69415765551 1770.05266055213 39624.6657148151 42488.2104160189 671076.640371903 1014403.91038938 -1 -0 
21.3997 8.29196 1 0 3.2770333169741 0.130361036721932 18.8766353084606 2.84019087290327 157.887981261958 56.2819011719822 1723.70523384373 1123.05794220765 22658.2039947058 22670.4829900087 336568.988488633 458436.199993924 -1 -0 
21.3997 10.5098 1 0 3.14236424925928 0.0897906997287549 17.1131969172672 1.85848701283426 133.793535014711 33.6889865469551 1337.70709867501 589.478065471611 15618.4837951832 10129.5965585375 198466.667374238 170785.198594424 -1 -0 
21.3997 13.3209 1 0 2.97140582218174 0.0774293897092368 14.8432478869074 1.39183963630095 105.524407636899 21.9944347215944 955.46175290722 336.412569157949 9956.92548923714 5017.20559323352 109516.640208304 72415.6956405018 -1 -0 
21.3997 16.8838 1 0 2.84328181039697 0.0729580191170357 12.9931950424868 1.16181604591607 81.0873347077378 16.1607244893938 627.843120873081 220.851491370662 5514.95294241239 2967.18019833663 51006.5286692645 37704.6139068935 -1 -0 
21.3997 21.3997 1 0 2.78740237692333 0.0827420378992145 12.2195977597471 1.22121759545602 70.9271332163919 15.27905680054 486.866567634397 183.666433710342 3572.18087158935 2086.10527254511 24259.005369816 22132.2978378546 -1 -0 
21.3997 27.1236 1 0 2.82640001501712 0.0811027932306927 12.6458942300067 1.12871747453083 73.3814292290086 13.7776479829462 472.897888358413 162.532609965815 2983.92587574271 1644.63249685924 16679.4031942944 14589.9667209613 -1 -0 
21.3997 34.3783 1 0 2.86164960325867 0.106021478072018 12.616324959001 1.51645461050497 66.5478984893544 17.8950363771745 329.536553708236 181.882323897178 1368.45502041541 1115.77328810763 -1 -0 -1 -0 
21.3997 43.5735 1 0 3.04624389296247 0.149157491044629 15.1040904603911 2.07740787030492 91.9515129544422 24.7976995485309 513.711181579403 269.897800879808 2484.08403172265 2097.22945515884 -1 -0 -1 -0 
21.3997 55.2281 1 0 3.30708307842326 0.223862897896026 19.1187413303272 3.78871915700809 144.030307360081 56.9663935851073 1175.79561519738 765.206075122388 11435.5636236187 8965.93764397338 109781.025663479 96926.4201714903 -1 -0 
27.1236 2 1 0 5.28481473955083 0.422271521450155 51.4281010014924 10.2191970733474 657.708873954118 218.207751947507 9631.69732038782 4585.80860790559 151491.985101966 96080.5509456325 2468533.63965264 1998772.72707057 39552184.4239497 40856253.7426138 
27.1236 2.53494 1 0 5.0323122645075 0.431357419721619 49.004254422052 13.0499884871021 667.86917246327 360.839208477233 11061.2142088273 10073.358847526 208352.249308433 286474.606173485 4301045.963015 8255044.06982724 91444609.9584127 238715158.762652 
27.1236 3.21296 1 0 4.67659885227966 0.340723292901122 41.7797784634233 8.71559395546097 518.212659254915 195.004410751113 7699.76888234411 4299.68376138038 127127.535727048 95781.282410719 2234014.26096421 2159105.70620235 41920958.9832614 50820597.8239434 
27.1236 4.07234 1 0 4.39227621838739 0.27011457704901 36.8846729382053 6.43915922953492 431.909699096489 137.033403605164 6046.65189605601 2867.43141664847 93426.3593433572 59548.1199690386 1520424.51365549 1223783.18385556 24755244.992727 19851148.0526219 
27.1236 5.16157 1 0 3.98011490981292 0.253053967715628 30.2316985598681 6.64529665603586 338.413619777394 162.467604692754 4856.75434487295 4000.06749788984 82017.4354713752 99055.2878702947 1539342.21833869 2453128.06813477 113726803.96729 2438919.64414286 
27.1236 6.54213 1 0 3.63621519527083 0.136000769932369 24.1950749987219 3.33124200236892 236.768680179989 81.8828578324328 3057.72366505027 2077.03838462908 48425.421702483 52939.5592581443 885192.402473497 1337443.20024728 -1 -0 
27.1236 8.29196 1 0 3.45393671437035 0.113419216754466 21.6889318537451 2.53555543861848 199.017460625803 53.1796794437396 2337.35595742863 1125.90493099342 32031.3436740396 24145.5955648614 481933.172721095 521522.134429382 -1 -0 
27.1236 10.5098 1 0 3.19543896001137 0.104003743998526 17.9420561139153 1.95318660470475 146.106187638722 33.7255799269183 1523.03471354189 587.636731448479 18392.6334913893 10342.0193847423 238926.826518641 181500.861674252 -1 -0 
27.1236 13.3209 1 0 3.01777849721356 0.0798256499061551 15.7335527554775 1.38684378087443 120.308892214003 21.7576801437535 1194.73342964776 343.235886837272 13740.9424943673 5429.32489101912 167107.862277878 84503.6920176033 -1 -0 
27.1236 16.8838 1 0 2.8965578336895 0.0897847385230118 14.063001136553 1.50244369617123 97.927750294506 21.8828854487132 872.125276184821 309.175002973581 8818.07227045763 4246.21527814784 90246.1105265581 55332.3959857587 -1 -0 
27.1236 21.3997 1 0 2.80617773178581 0.0964585754342943 12.8709644176866 1.60193043080497 82.4224230106116 22.382275213493 654.079915050886 291.382055030401 5606.83124555798 3530.94578267708 49295.5744278124 36204.9546259084 -1 -0 
27.1236 27.1236 1 0 2.76763149629254 0.0926871680475237 12.173953989713 1.39641333345387 71.1216367293304 17.7748697206435 475.438421075002 212.489720457587 3234.78432016952 2220.13061040032 24151.0367798011 19772.3769181522 -1 -0 
27.1236 34.3783 1 0 2.77060109289654 0.120484373225985 12.0587873255077 1.69977400408008 66.5938977313282 20.164384791402 406.154459029419 197.010647921971 2428.13937828482 1660.64228785973 18090.5569086402 12135.1054489543 -1 -0 
27.1236 43.5735 1 0 3.02548275761013 0.147722916006164 15.665471477134 2.29391905337651 104.335657441511 32.3706750685562 677.977248532476 419.852640266514 4487.65670949856 4269.07129800021 39673.9989290181 30590.1809698415 -1 -0 
27.1236 55.2281 1 0 3.28083351192348 0.225292475671456 19.2774994321413 3.98070136338833 145.49258555057 61.0155559996764 1224.22656110085 787.654796781263 9848.33171003758 9244.16018737447 119709.672895301 29115.612167218 -1 -0 
34.3783 2 1 0 5.47959430476907 0.588666573685395 58.9331863602865 19.7173361298223 908.007033782233 597.957562338586 17410.0621883774 18008.5323867692 383553.012972187 541576.016153563 9210288.98675018 16190688.33317 234513496.991316 481982168.245515 
34.3783 2.53494 1 0 5.07409109549631 0.328804981166266 49.2420627590031 10.084628483367 669.187512161956 289.036096924039 11134.4243989905 8259.4488884958 212089.202685329 235498.797695749 4436677.68605857 6671467.31702171 106187950.313583 197323372.36017 
34.3783 3.21296 1 0 4.83996793218283 0.282621611678005 45.6909323466082 7.39461763836203 610.988977089732 183.687143893419 9907.89908337 4779.11981462572 179806.397818108 129449.581270899 3494404.48664513 3574665.6800821 64304016.6231538 108513890.25631 
34.3783 4.07234 1 0 4.57698188816633 0.237037185585384 40.9128654775665 6.29682056481852 522.39529153392 154.716131680693 8146.41215401097 3829.9728363028 142638.319081363 95082.847372489 2670455.35328501 2343125.24449382 82895287.4481143 55334698.3280003 
34.3783 5.16157 1 0 4.21495268308184 0.277368371592548 35.1538780617642 8.27824600240733 446.2111023025 226.87216630868 7414.40560095946 6179.81286363579 145806.816034528 168623.863545081 3173199.1075724 4602275.33004926 88144324.0588277 16116946.5882481 
34.3783 6.54213 1 0 3.82233190927202 0.18845966094677 27.9906569240976 5.24941674689473 313.516979446851 141.465713407362 4724.00096976819 3848.02867057185 87074.6801993476 104807.797042561 1826641.33804955 2839888.39654701 -1 -0 
34.3783 8.29196 1 0 3.5197132889859 0.138809674916744 22.7895163399967 2.96417364041125 217.829020760684 59.1957764540405 2676.6529359438 1214.13555518146 38248.7572030332 25585.8649460282 594460.38594818 545939.198969122 -1 -0 
34.3783 10.5098 1 0 3.30698723785266 0.0996902650655204 19.8150975235675 2.07755566880326 177.241596752641 39.2734715319934 2070.35865179627 741.962964712619 28236.6516772597 14134.9800233807 414459.954613801 269477.539188029 -1 -0 
34.3783 13.3209 1 0 3.11697438550378 0.0893445226635922 17.2012133677732 1.78698860939794 139.887666631086 31.3860701288024 1467.26198074264 531.480609769417 17633.3921345812 8739.4700604489 220824.967852677 137791.056220363 -1 -0 
34.3783 16.8838 1 0 2.92464084264008 0.0832206393895766 14.7842498723992 1.5185037374368 110.81314564275 24.691209633496 1079.7739566628 381.646774495488 11918.5340487366 5620.97256778469 131628.484531953 77498.3014988843 -1 -0 
34.3783 21.3997 1 0 2.78345802581774 0.103427544366217 12.8363894615935 1.65925039739113 85.0696107189478 23.2433512931783 714.683470729249 312.110120361073 6526.08289094794 3957.9789538661 58494.1807019108 42965.8239120433 -1 -0 
34.3783 27.1236 1 0 2.75357270130266 0.123280904681905 12.3124960465384 1.88818903010855 75.9028600241776 24.6102079997456 559.22433007374 297.229613335138 4268.75433610881 3047.9396167137 25153.8777028893 22138.665612574 -1 -0 
34.3783 34.3783 1 0 2.80906176521975 0.133206507184198 13.040783770965 1.97515157350337 79.7709833466927 24.949180872852 545.301574673377 266.848013099004 3634.49255594299 2106.7673466259 16384.1279770766 16717.8726729278 -1 -0 
34.3783 43.5735 1 0 3.02278677928833 0.231504911508243 16.4025476716489 3.70297583625727 117.864059371417 49.8981008303509 903.437550824868 538.970148943722 5278.31129128824 3976.03477702276 22128.3567467372 7425.05191852449 -1 -0 
34.3783 55.2281 1 0 3.34005780317603 0.300637962754174 21.411961027065 5.19925613326482 182.963211886297 75.0151698484084 1594.97256334052 904.520654349917 10678.0674692602 8881.82607870816 69596.894713694 92311.147235104 -1 -0 
43.5735 2 1 0 5.47691395337419 0.383216517221101 56.4515345121437 11.6241905598961 788.413631215916 313.91157149962 12966.2357690143 8410.53589672195 234836.543313178 226479.864503083 4523537.80856573 6097568.19536073 88255679.809598 164784064.365015 
43.5735 2.53494 1 0 5.31390820433936 0.429948872662129 56.3696515978798 14.6539553978003 868.289904009643 468.834283621272 16723.1286882765 14918.64598252 371534.023184958 471024.772720765 9055005.63586588 14700282.7104496 255214388.292693 480794830.39698 
43.5735 3.21296 1 0 5.13457162248352 0.336746885927539 52.2225743398952 9.89098119029399 751.349004077603 264.998660054512 13097.919181537 7163.88122869649 256171.370621819 196066.831876356 5382888.32773706 5385266.38933259 173301552.517476 165195445.904988 
43.5735 4.07234 1 0 4.72589311845856 0.231464481234289 44.2518809194528 6.11268169560338 595.956711255662 147.364281097539 9786.28729117598 3573.13939617102 179053.08071616 87909.1825437751 3464923.07839707 2181517.72211519 -1 -0 
43.5735 5.16157 1 0 4.30718557790215 0.231895449504142 37.16665753615 6.77287414770984 488.350192427475 182.259000585654 8291.11502644997 4900.69803886196 163670.611190882 131978.236046267 3520398.00637939 3542357.71981346 -1 -0 
43.5735 6.54213 1 0 3.97894846352599 0.222938081204193 31.2069320072675 6.64761850796296 384.926834552628 183.517192147555 6474.37379315125 5163.87013702291 132768.945892312 148438.877021733 3067659.29242562 4308168.10320615 -1 -0 
43.5735 8.29196 1 0 3.68093324699069 0.151604389882316 26.0912832870124 4.29002044149726 290.510311038971 107.195203330205 4401.54376114953 2644.62081928227 80383.7522803638 65344.1297245095 1625792.74837284 1609881.69960369 -1 -0 
43.5735 10.5098 1 0 3.43676226106277 0.0888661275794732 22.3040845283396 2.10529986392237 222.556177289964 44.6628781079265 2904.88726417887 912.251995889139 43526.9947189189 18063.3431985996 686458.344181922 345395.671608229 -1 -0 
43.5735 13.3209 1 0 3.17017016824256 0.0992925670487004 18.0724030493613 2.04269798158262 154.621854762358 36.0189956206784 1714.10582425755 601.772469300522 21511.807119328 9655.72954735765 274651.541966642 146817.088273349 -1 -0 
43.5735 16.8838 1 0 3.02778885549416 0.13312681768888 16.2488181817533 2.35476772955054 128.536089069977 35.4946299048088 1273.40511940639 513.398177156688 13602.9348315967 7102.44076997997 137954.585395981 88783.0493282883 -1 -0 
43.5735 21.3997 1 0 2.84563780278545 0.112454687911311 14.070312003813 1.9090447706735 104.845821000202 29.1263893802232 999.90843546457 437.183626764479 10200.5645755167 6392.94888052179 103784.781627301 84411.4209219743 -1 -0 
43.5735 27.1236 1 0 2.81275485480647 0.160649228401977 13.6204028905044 2.65829893605951 97.0137597017403 37.1626928250295 849.122494271584 478.352721719667 7614.97298497252 5362.17141228755 61037.0177027937 50163.5356794752 -1 -0 
43.5735 34.3783 1 0 2.85294219546854 0.224353096141091 14.6318616430917 3.80215379159813 105.530198113106 52.6892289729079 961.482652772935 594.614341049581 7319.51460781327 6167.97931065501 38959.4131239528 37479.3795531877 -1 -0 
43.5735 43.5735 1 0 3.05444207342484 0.263192076504105 17.0242662479644 4.16449722879933 121.263309377688 55.4920662563898 884.691160863389 602.805456579669 6167.64360285874 4014.58229588844 75734.2407945872 -nan -1 -0 
43.5735 55.2281 1 0 3.15782207896029 0.323051136185362 19.0258900881267 5.35232809508316 148.535517683921 68.6546943707055 1224.09752280251 756.261423858821 12115.8346547144 9472.41273954901 93368.3909613463 43156.2446939221 -1 -0 
55.2281 2 1 0 5.78790316785896 0.446842382226764 65.7132732459342 17.6119031471137 1050.36754035491 627.514121260454 20497.783689584 22022.9818966022 455588.171752425 765350.315376499 11091267.7837031 26231208.9831172 272312221.153853 880971721.854375 
55.2281 2.53494 1 0 5.52058269343787 0.556453224252978 61.9428130044821 19.6400117407546 1030.0806526499 641.191771931051 21767.4998773515 20988.8947539616 533565.769850646 688358.734983201 14295149.0224365 22481818.9064883 597611658.958152 850393181.076248 
55.2281 3.21296 1 0 5.01626318897697 0.283046377301489 48.1032186772636 8.14974403479211 647.563230718441 225.403395083282 10719.3006846046 6430.48234978367 204335.769543871 187319.671596145 4309092.83545912 5489393.35591646 222976801.666598 181689083.645983 
55.2281 4.07234 1 0 4.81867796042257 0.294714087201483 46.3971503107389 8.87364118220037 653.338225564802 235.793968903269 11425.006687045 6116.85889330887 225775.209675374 157531.437808894 4762328.05265019 4027893.00368426 -1 -0 
55.2281 5.16157 1 0 4.43727687553305 0.230062045325402 38.9350389475958 6.5234871842785 513.124060857194 173.511706216244 8701.35865619524 4731.69971550621 172074.91600815 131408.094729401 3727951.33906026 3667289.87618842 -1 -0 
55.2281 6.54213 1 0 4.13926761681376 0.202294724548025 34.0139094636133 5.61107925789708 433.210777410326 152.026392541912 7294.48744587488 4223.86619541736 145285.072701027 118570.107317112 3192139.53984976 3326582.75110483 -1 -0 
55.2281 8.29196 1 0 3.78747481095384 0.147364371079472 27.6565624238156 3.7576135614594 310.114766951427 87.7264046760162 4577.20109136154 2031.15009521896 79020.1536076733 46883.1500106227 1474105.77474869 1073093.07711353 -1 -0 
55.2281 10.5098 1 0 3.53652744815098 0.0973358773198693 23.5825252375636 2.28883375301405 238.950181631066 47.3157566193135 3121.93915877329 944.934033733465 46226.2381821011 18440.3120997135 709806.774563473 348705.116526253 -1 -0 
55.2281 13.3209 1 0 3.30141550165082 0.110352202096962 20.2093283307875 2.10646677119636 186.456531846106 37.1825092796132 2177.44462158701 645.82255259501 27932.3162903069 10949.6457076559 351893.618214318 177399.448397348 -1 -0 
55.2281 16.8838 1 0 3.14324044022675 0.129914911159812 18.243563759383 2.48592636408644 159.103770944955 41.593124328398 1709.86462604896 659.47562007586 19173.1410415164 9797.45035859854 196987.825563664 126353.159942717 -1 -0 
55.2281 21.3997 1 0 2.97085594072629 0.134054133794175 15.7271775335059 2.2678089153166 123.15281796739 35.8101813081642 1170.37024576884 546.537237801572 11253.2591679113 7688.84061104218 111632.250863953 92964.0020107376 -1 -0 
55.2281 27.1236 1 0 2.84069994724706 0.191188280285314 14.2035760535373 2.98496303165607 105.79202952181 38.8210611093067 935.158241876098 476.086312084534 8109.64582600874 5222.31426218327 80243.6533567084 67903.5888824774 -1 -0 
55.2281 34.3783 1 0 2.9356724965767 0.237569086178484 16.4321613481795 3.44661779362398 133.811180665978 48.0639551767966 1176.19657105431 685.84996215064 10615.7941375973 8706.09200623159 105335.239719713 90347.7204769892 -1 -0 
55.2281 43.5735 1 0 3.0817665652393 0.317773911371989 18.1545962420488 4.94483249304988 140.397619187699 61.9479396160693 1062.48878817991 649.239797220261 7482.35394298183 5784.04715361083 52970.8019662093 35351.2535860977 -1 -0 
55.2281 55.2281 1 0 3.48583565560504 0.478291955148687 25.7177779554519 8.94536307307602 235.120401464763 138.315868806556 2170.26225096486 1644.68645115423 15581.4644109304 11195.0570888224 74715.0062653909 -nan -1 -0 
