2 1 0 8.4116534361072 1.22768765450892 165.224637963831 67.0416292076106 4871.56899531326 3312.94942734468 176131.420403447 161762.434187349 7095805.81749593 7916557.84277383 304020192.600949 389632012.455473 13521418385.1691 19297703724.879 
2.55761 1 0 7.19094244506676 0.956278921759822 113.416657936464 42.0425305890907 2604.75381601608 1684.76813813995 73059.8261148294 67603.0287909629 2302263.11218153 2751592.86312386 78044928.1137846 113601079.329252 2761369083.24353 4741738037.26586 
3.27068 1 0 6.61443207414437 0.924900666411734 99.1962935537923 40.1098420350413 2226.2340486585 1598.11166789927 61453.0497752216 63645.8507236523 1904274.38419543 2563233.65168114 63382511.4721883 104435348.241437 2419676243.86655 4549687215.86609 
4.18256 1 0 6.33011401236208 0.990211125641203 91.7041355370961 39.1137523962135 1959.18854119923 1374.5079272342 50349.60856891 47619.0714932253 1423799.15257271 1658551.21987712 42539628.0028263 58275026.1217604 3840699551.39867 1488359438.74572 
5.34867 1 0 5.33069828428493 0.865623329403086 60.0107266295638 26.8456219895213 972.108815397931 746.265480805835 18956.2618297566 20602.2669899754 410215.264414289 573944.751089787 9463063.2072371 16137974.918489 -1 -0 
6.8399 1 0 4.59098727673477 0.570552737512809 43.2263514125985 15.0159200639748 599.329648233324 347.691085531192 10177.0336296291 7963.0789125127 191882.353533992 183461.159888884 3812225.50308742 4241986.39111789 -1 -0 
8.7469 1 0 4.4148305573788 0.497071078444173 39.6636848442636 12.3835344820001 508.293307367841 266.619287247842 7727.37681008673 5542.9062599964 127331.808016537 113389.563002841 2161873.96021355 2278145.16927425 -1 -0 
11.1856 1 0 3.9297781772447 0.600382813849866 30.0345364618237 14.3763783575887 337.050045941225 312.509358147949 4727.17456088812 6724.4872252665 77994.5667353851 145940.237466011 1605756.83143537 3336468.74970468 -1 -0 
14.3041 1 0 3.6856932847129 0.61707083545274 25.8602912304524 13.7574151405182 262.537657820324 264.453604249386 3275.85478000345 4823.52056695807 68923.2999765699 94925.0510780565 1497897.9901948 1731138.40719888 -1 -0 
18.2922 1 0 3.24197978913836 0.679892920160555 18.5096081901474 11.0712033898575 153.553406878372 146.476912162285 1822.17377977509 1797.10320430402 22184.1827827126 18174.5340516904 138505.122458767 174399.79041318 -1 -0 
23.3921 1 0 2.96620423750648 0.697542810588299 16.6457432850061 12.5018091217586 172.79423508112 204.442028672854 2587.72479757926 3578.92889499235 27984.5914114121 49193.2796129225 124508.431036855 183449.498661586 -1 -0 
29.914 1 0 2.52201722864118 1.04886531932226 14.8718462243132 13.119615091087 157.221218370142 145.16218774996 1429.68387670309 1491.05163063642 3361.06688858869 3083.86355024616 91646.0644448226 73987.1810953086 -1 -0 
38.2541 1 0 2.12520402025027 1.23283399630925 15.5771972698715 17.4028061394184 163.538573118269 268.857666440558 1398.14833588614 1624.5917188807 37395.7120792173 26612.8628768203 677043.67271573 683725.772785643 -1 -0 
48.9195 1 0 3.22518692829024 1.99899390965075 23.3825490534999 28.8556718926692 439.375194686486 457.998135804808 7565.97424086945 9441.39858587287 276074.343738326 331610.370359204 9563113.41372575 13564659.2024442 -1 -0 
62.5585 1 0 4.29186417222028 4.74547465174338 84.8290976562789 96.8174800484384 2697.69073106296 2718.17175217451 56784.4899979847 85902.7808563294 2470305.43681061 3749936.71830492 431678128.408508 1234178668.84521 -1 -0 
