2 9.31116260894522 0.454960423286737 654.41187610684 157.41185185433 105825.604241944 80863.1739501476 28611993.5573645 47125530.0510034 10915739306.5333 28400307168.5036 5134321835676.29 17286279680982.9 2.71065952735139e+15 1.05525249919546e+16 1.52157386359452e+18 6.4451192084416e+18 
2.55761 5.95800938439895 0.323390867810883 266.309341041173 83.5253978005346 29944.6586192878 23720.1045186146 5556894.11866503 7220633.92519871 1335158894.78319 2287483282.18273 365549681393.324 739849700278.292 107196992473681 241913316551440 3.26275589720722e+16 7.95495191513949e+16 
3.27068 3.71044328189159 0.221314133035468 88.473539513593 30.241011147922 5227.42236998474 5664.57515527106 552997.512322357 1178551.0098556 82590825.4817387 253834301.927431 14744300570.419 55478922819.6027 2875342524633.25 12222194746646 998502419435172 3.50749312330589e+15 
4.18256 2.31141128937753 0.126702544368624 28.5234279754817 8.01663720902042 765.850395027176 675.798683307053 34194.5040677479 63852.0936435843 2163758.50992609 6279889.868053 169526180.597902 627570490.008731 14935439597.6791 63178551019.1928 22071635706501 4499749646626.96 
5.34867 1.46412383251817 0.0933855528968547 10.5330161575877 3.42661997912419 173.563316928032 174.244549096145 5052.14492379347 9791.21897742851 208247.841697747 567286.450848799 10264739.2325065 33284695.6717469 550628238.581845 1963473225.60813 -1 -0 
6.8399 0.961904940775306 0.0479063608983637 4.05343836632435 0.882711923321301 34.7147059498984 19.5103663172261 460.15787936978 465.129344768493 7950.87811908814 11536.9412460641 159724.21364725 292602.026071018 3480370.52830357 7500426.37946313 -1 -0 
8.7469 0.632957466718933 0.0366084506559588 1.67075893064944 0.453302802056864 9.42657058505275 6.80826746282371 87.2801824391255 107.836831214271 1063.48407394682 1732.92872892204 14745.7481089051 27833.8732746857 215382.283434331 442502.957813884 -1 -0 
11.1856 0.416623233478815 0.0238017979166984 0.636899226447547 0.134633835835497 1.75718792642021 0.912107912708218 7.01597158506923 6.80316295612134 35.7005400198088 52.5455294782519 222.708435837876 414.86902000962 2102.03908952507 3656.69265132135 -1 -0 
14.3041 0.264286073184863 0.0168667902756352 0.235796060969447 0.0540820840107708 0.365852081932218 0.188176038626462 0.787267211906882 0.703099894280849 2.24262224582756 2.76291559874051 7.82948146308069 11.6561364757947 31.2314345856185 53.975968761805 -1 -0 
18.2922 0.16523998089804 0.0110217998748042 0.0838113549874761 0.022301913645406 0.0708524838822028 0.0507102614390487 0.0959216266964043 0.123318997751045 0.188065902911685 0.342998123069956 0.62459866734176 1.1138840078524 1.68104022897434 2.62282239293379 -1 -0 
23.3921 0.104895819151254 0.0120590314399391 0.0329410857035056 0.0146530155041213 0.0194813725001597 0.0194440626570795 0.0218434591934851 0.0305232368735574 0.0387404978461478 0.0496127409054973 0.0356163817664438 0.0590001144566755 0.00492382139619083 0.00575749523408963 -1 -0 
29.914 0.0645417639619237 0.0103709568253902 0.0120376869017907 0.00725105857540687 0.00501022526657834 0.00453491425333688 0.00285040639650862 0.00289997032933451 0.00073555061719826 0.000924228496919848 0.000348195473548072 0.000460889986680918 0.000705848884375107 0.000722929069440006 -1 -0 
38.2541 0.0349043542353494 0.00623997757071078 0.00336220555130032 0.00274483914879881 0.00115574256089122 0.00158432457116554 0.000527919383311742 0.000868373130978742 8.95582261830987e-05 0.000119266565830384 8.74524885978238e-05 0.000114802502448762 7.99278020124484e-05 0.00010274700862584 -1 -0 
48.9195 0.0233814652426552 0.00703986665047338 0.00187014097221682 0.00199392738574643 0.000585474068116173 0.00056266443204809 0.000103493329510576 9.25251555982179e-05 5.3984517328157e-05 6.2483960029552e-05 1.95367382545995e-05 2.20380624615957e-05 3.8039745546787e-05 7.67488449491068e-05 -1 -0 
62.5585 0.0121147598545486 0.00585103383086109 0.00109997727056493 0.00134168457472339 9.69346374170963e-05 0.00010319853491775 1.20216791058586e-05 1.15880248680075e-05 1.00842908151724e-05 1.39379105074458e-05 1.26380677109608e-05 2.59776236330801e-05 1.84006713520925e-05 6.74007919141662e-05 -1 -0 
