2 9.77880443738176 0.547073550361471 815.688146005419 191.414105506797 161615.003004068 81894.257501298 48390561.4905046 37606053.0431316 17759352684.3158 17773251094.3481 7243708091536.75 8525687890039.52 3.13327705080269e+15 4.12874412114187e+15 1.40322623337248e+18 2.01347106860555e+18 
2.55761 5.99621378515102 0.334172843531833 262.264053548212 60.8295107794685 25714.3724589503 13045.0566029076 3733489.0460309 3062350.93080649 668905938.838153 758347472.714018 135485352889.871 194217490284.914 29638952367287.9 50834020254125.1 6.79346560447985e+15 1.34777481967338e+16 
3.27068 3.76030864758067 0.231579332224175 94.9845380500569 23.3023098251905 5545.16511192568 2943.83770024464 487837.043684555 408673.353959831 52650601.5536982 59072936.9279982 6340576204.27794 8730776456.61789 814782798597.759 1309192363066.32 119416324407556 207239002898281 
4.18256 2.4762740265696 0.154464959370244 39.4924463458893 10.5381136634808 1475.90433873176 857.087770205446 82283.7606711959 73532.4714505057 5529983.71064208 6466675.71151281 408528279.249286 577982262.422919 31835041959.0755 52275296327.0723 6738552424576.96 4808107984091.69 
5.34867 1.57052824610806 0.106550228963953 13.445153787535 3.93978727925838 251.605658973835 164.121416569484 6948.10952816856 7377.32874416256 234714.328146815 347557.057490634 8905761.04921179 16883348.374384 363910074.90868 836005907.551627 -1 -0 
6.8399 0.98632224773365 0.0509661204367807 4.51381115956083 0.944173615537915 42.9605240519817 19.4344840916688 604.796399275851 414.05409009514 10389.9653588982 9011.14310880479 196974.484933091 198427.015354063 3909695.44665609 4380186.85481154 -1 -0 
8.7469 0.650619988736124 0.0376235271716865 1.8875942095278 0.395021112988426 11.264566349903 4.94082731842194 96.2027858461107 64.1020384454193 972.672421052391 836.72768335588 10610.9714135985 10857.2685929838 118502.42418251 138193.3693058 -1 -0 
11.1856 0.422582558982945 0.0269365111362561 0.711718362915251 0.174932944299324 2.38377742124932 1.41261227335662 11.9392636618141 12.6022062322183 75.3957316909848 116.796761691257 561.063711996483 1107.09246681275 5195.51581946633 11093.6345575737 -1 -0 
14.3041 0.278033866351099 0.0212291798515226 0.290261237772093 0.0819261101596947 0.590660751585076 0.400267094565158 1.77090073327748 2.11120842316461 6.59819357479824 11.1224793286938 41.5048995499704 65.4168343262307 268.930177661115 357.429952770404 -1 -0 
18.2922 0.174443861593487 0.0191470799178802 0.102511843462336 0.0392107224874697 0.111496672889865 0.0877370747277083 0.179703553266674 0.199198400032277 0.406809259587992 0.450091935728787 0.911175613348218 0.897262140647507 1.08845553808436 2.04401989394539 -1 -0 
23.3921 0.105441633514604 0.0118646421763544 0.0341211284311671 0.012686574899589 0.0223249429000236 0.0192557948508294 0.0272341054369616 0.035514062494698 0.0480355040481057 0.072102476867172 0.0601776725082389 0.117233117065317 0.0272373197637334 0.0683248292821969 -1 -0 
29.914 0.0668239325519899 0.00990623520406794 0.0121411023509238 0.00753349283323214 0.00537658923783683 0.00597427708539149 0.00401025071782723 0.00437412461911859 0.00205246564766025 0.00267424677178968 0.000297324302442015 0.00029124012600016 0.000603771537831231 0.000500238993635216 -1 -0 
38.2541 0.0372966643537517 0.00749320138252023 0.0031991714597723 0.00220720030621193 0.000908973995495816 0.00101790464249778 0.000289780461732109 0.000383945084259552 9.35570528065828e-05 8.94299763338651e-05 0.000101417098212671 8.66026627990606e-05 7.3279774419905e-05 9.19931239330246e-05 -1 -0 
48.9195 0.0219006267867232 0.00677693666809981 0.00153353993636164 0.00129047420163581 0.000153040144487697 0.000157879955196584 7.12105343246469e-05 5.2460251466023e-05 2.9675690717093e-05 3.21395937953563e-05 3.97608095857064e-05 6.41617889137846e-05 2.88610721767308e-05 7.59889419200351e-05 -1 -0 
62.5585 0.0114556570142644 0.00487342731023252 0.000542645198923061 0.000620890109953831 5.13971226354392e-05 4.30474734928271e-05 2.94505495138124e-05 3.42675874762475e-05 1.13893957389471e-05 2.26302162257912e-05 3.50113347796798e-06 4.02599441390149e-06 3.14064692315234e-06 5.45398988928299e-06 -1 -0 
