2 1 0 7.94019245364964 1.25897956272095 148.816772594509 68.8286031923981 4335.03177003884 3510.46014557891 158922.516069316 181762.637065377 6598090.93018467 9621205.55248516 294649244.145263 518703715.75976 13783084472.4429 28351776103.4689 
2.55761 1 0 6.92298657756927 1.01792170714606 105.221414409151 45.6845701224786 2395.79926114187 1878.74333618963 68661.1507126146 77086.3478871137 2257875.70387901 3182351.02117047 80739349.6109994 132133376.477461 3024334062.67797 5507966244.13206 
3.27068 1 0 6.26380803099643 1.00891604368606 86.8374433398364 42.4925113612794 1813.33972040313 1667.38731594416 47541.0304981208 66261.420137253 1432068.58278279 2678952.00458689 47261222.3665574 109798515.414873 2215443572.84253 5332398326.9163 
4.18256 1 0 5.51859837400531 0.696677836623399 65.2962552327775 27.1192959548707 1177.10686204573 959.970956163332 27073.1711260647 33601.0913781319 719237.289716654 1175830.33341283 20858916.8016296 41196784.7063501 1477948725.06934 1690558593.08761 
5.34867 1 0 4.9175276911298 0.59791002405776 49.0562541247625 18.0985318610917 707.511372243203 500.105551763283 12557.9309521228 13742.8050813519 253446.535579349 378168.330481455 5565062.63055346 10391642.1329314 -1 -0 
6.8399 1 0 4.14000572359578 0.37270369045129 31.3265727990782 8.00939095664753 326.534662656777 149.833185039246 4084.95343630018 2737.24382976158 56753.0439301495 49752.1079589145 832953.49374459 899552.132163233 -1 -0 
8.7469 1 0 4.14942168256077 0.492112562519675 33.4016195730545 13.5729752050164 393.329949245124 349.721759376109 5865.99430118709 9150.35900196799 102138.047576945 242688.32423974 2010768.26529041 6506010.39338847 -1 -0 
11.1856 1 0 3.56162046907235 0.409230093615533 21.9577640504929 7.83065851382549 182.610246369056 132.893805400911 1814.57545431469 2249.92107121497 22745.1289951967 40103.6356163103 375462.25798319 781985.875361834 -1 -0 
14.3041 1 0 3.52607525367962 0.460976493275873 22.6431190253062 8.47273617252746 201.735079957681 134.945410928839 2140.88931348996 2082.70323550892 27653.5833064243 31793.3372489977 424458.430430404 487349.085332088 -1 -0 
18.2922 1 0 3.35461317434842 0.57407537335441 19.3922713302133 9.28045684733558 160.963466040535 120.867398951453 1685.92198665814 1485.90972842741 18285.042046922 16043.0545999747 159443.596214998 201489.067940636 -1 -0 
23.3921 1 0 3.10318674663119 0.852464072643416 16.9153528770469 12.2444231705322 171.711394187894 146.102835605868 2088.65708164021 1849.52134751167 19905.8180871634 18323.4592343391 39628.7090513506 17019.1147954989 -1 -0 
29.914 1 0 3.55551882295407 1.31365574559194 26.5177437890389 21.3442325143439 301.580158203467 326.262359988849 3914.09693721923 5500.96094153582 22293.778677611 37449.2993722052 270103.064597779 161184.568264007 -1 -0 
38.2541 1 0 3.36466702428009 1.7740087213363 31.9540084863394 27.4315627901347 289.442837006242 386.201605433347 2704.97775479759 2932.53821112409 38162.0829586472 39505.7129285477 808677.666237529 605203.229551371 -1 -0 
48.9195 1 0 3.4343214167281 1.87831353258996 32.1546431173525 29.3524457763198 812.627519355274 960.48280232998 8693.94165133051 6107.54406002127 177257.270983111 176237.93176261 12833333.9204215 30571079.7411914 -1 -0 
62.5585 1 0 4.81868759043805 3.39112144973285 46.9760436446898 38.9459361935459 2803.87185256763 5442.98084819602 85965.6175008477 104368.400156706 5481856.24856407 10550959.3907378 288417937.796683 654302497.340718 -1 -0 
