2 9.14780831150639 0.43957194832556 589.109055768585 115.298953164801 79917.2771193846 41329.372190406 16338630.1475612 16923324.0851852 4329728873.28601 7408318175.61383 1362085879601.49 3362956548071.31 481721174412819 1.55811989426127e+15 1.84921401391301e+17 7.3050488077163e+17 
2.55761 5.89346984667448 0.234053901753863 236.216503581774 41.2078268941734 20769.6645638538 9512.09599454172 2795384.84719809 2387081.06294617 483322987.682158 622726496.028945 97168981811.0124 166089061767.531 21443343249848.5 44905292749967.4 5.00005220778544e+15 1.22359616911303e+16 
3.27068 3.59593445902527 0.159586275649825 72.9588577067793 12.7748215373766 2997.81946356152 1244.90183577603 183541.740997446 133922.383627839 14396813.9020343 15061772.5952788 1312400750.43237 1724508854.74304 130646488770.972 198657346139.322 26015488384835.3 26022478031373.2 
4.18256 2.35022841908648 0.15615930079858 30.5927972793595 8.34989515926778 889.142056815308 550.668154412028 40591.6439669999 40459.2180676315 2353593.81680563 3160861.3729833 154396619.650876 256528374.787445 10840017616.3157 21328783737.1073 3882752992922.6 3549257611456.55 
5.34867 1.47813276526612 0.0577068257844891 10.0600726235002 1.33872207137823 131.485777305851 42.2429131097747 2473.67529889391 1589.914345622 58812.6167652971 63601.0248027346 1644248.34808794 2586497.60995449 51461460.2474148 105365081.179167 -1 -0 
6.8399 0.955254775912892 0.0467466785353487 3.90531606480365 0.757727403017305 32.1753073908879 16.8663193749147 414.792092736748 431.812753122912 7134.50383671584 11670.2582396155 145630.491378063 323767.409284811 3270859.4382283 9095416.20105449 -1 -0 
8.7469 0.6124503722235 0.0305766488052621 1.42620529462268 0.277707825505659 6.27481044401606 2.92833625212595 40.9241258686984 32.9892459601125 338.742619271849 384.037617645207 3193.613215027 4523.17971376968 33242.6155271581 53622.8769442492 -1 -0 
11.1856 0.417708629959755 0.0242165670189709 0.630587101607461 0.142377419167656 1.74528393105951 0.930675224481526 7.0655310564163 6.79501568739861 36.2409737788026 52.7512295379166 225.937499980502 426.283943381746 2062.28450597939 3853.67623412267 -1 -0 
14.3041 0.262119905380653 0.0183927056456594 0.224769754392059 0.0635042772726953 0.339039560227824 0.25346654260093 0.741915252309093 1.07618477440581 2.63214433706594 5.01735501950931 18.5932276633447 27.3643174937035 118.568498402989 121.578935151126 -1 -0 
18.2922 0.170806984325826 0.0124912792632136 0.0880548246414657 0.0226161326171127 0.076088963035818 0.0510812163939354 0.0986933801580869 0.12844866668808 0.298618151131588 0.382741940496967 0.989545359855942 0.898114295456751 1.53215724614213 1.36175705346297 -1 -0 
23.3921 0.111464736374401 0.013171317234747 0.041638980582228 0.0145331167812738 0.0259856855712525 0.0190266168104358 0.024939332564725 0.0268969778435128 0.033163103274069 0.032019818302085 0.0386615597234905 0.0297216649412737 0.0138328252583588 0.0160755799415535 -1 -0 
29.914 0.0645892043063006 0.0105677253242202 0.00924890624950629 0.00535937074458291 0.00275019684408931 0.00294628462167924 0.000936665656686209 0.00108167977018614 0.000456128016655969 0.000333554668689528 0.000513434689167732 0.000486472029310858 0.00060377962513039 0.000574127252197757 -1 -0 
38.2541 0.0399752818517846 0.00807271222448117 0.00388867698095425 0.00273492378878677 0.00100347993038829 0.00160389179099342 0.000555187218558457 0.000979206517237831 0.000148212511002368 0.000167829066741222 0.000178649839691665 0.000195145498277553 0.000176616172168218 0.000233177193272215 -1 -0 
48.9195 0.0225571479955532 0.00537775799627077 0.00162208377595713 0.0017217409220389 0.000627744295626585 0.0010892226611992 0.000125684106400562 0.000173118848332264 4.23506542037468e-05 3.78892124858728e-05 2.87030387178245e-05 3.6245328408777e-05 1.33578340857727e-05 1.2824692976178e-05 -1 -0 
62.5585 0.0120971534400121 0.00460195977902355 0.000868235230289163 0.00162089464247943 0.000174931267152646 0.000295314615237235 3.29457169678532e-05 3.46508370393753e-05 8.39598881176515e-06 8.78414771369769e-06 2.3291552305441e-06 2.21299448027953e-06 1.55621196828159e-05 7.31930125282878e-05 -1 -0 
