2 9.29664 0.323411 663.518 103.739 109312 37254.4 2.86382e+07 1.47304e+07 9.85247e+09 6.25026e+09 3.98441e+12 2.81534e+12 1.78023e+15 1.34622e+15 8.49017e+17 6.85609e+17 
2.55761 5.87294 0.132108 241.712 25.626 22704.1 5723.83 3.35858e+06 1.48085e+06 6.51086e+08 4.23339e+08 1.48993e+11 1.28151e+11 3.78579e+13 4.00481e+13 1.02731e+16 1.27362e+16 
3.27068 3.66163 0.08355 83.1664 9.93298 4318.04 1197.95 366455 167715 4.24523e+07 2.82161e+07 6.01936e+09 5.43086e+09 9.76378e+11 1.11911e+12 2.72828e+14 4.11772e+14 
4.18256 2.34774 0.0785 31.0874 4.98549 922.108 326.816 43093.4 23135 2.60049e+06 1.73765e+06 1.81436e+08 1.3639e+08 1.38097e+10 1.10953e+10 8.50315e+12 9.3125e+12 
5.34867 1.48964 0.0461829 10.9989 1.41208 173.199 47.1262 4270.94 1779.38 139495 77554.7 5.46089e+06 3.86288e+06 2.40641e+08 2.10581e+08 -nan -0 
6.8399 0.956077 0.0198616 3.94274 0.37341 32.2264 7.26379 397.069 149.813 6304.2 3232.57 116691 72048.9 2.3651e+06 1.64423e+06 -nan -0 
8.7469 0.629813 0.0187345 1.61913 0.21808 8.31201 2.44206 64.8124 29.4531 647.28 388.049 7438.3 5503.3 92780.8 81314.5 -nan -0 
11.1856 0.410098 0.0123739 0.617032 0.0670796 1.71092 0.433236 6.94475 3.11265 36.3072 23.8488 235.372 195.414 2102.68 1886.01 -nan -0 
14.3041 0.263564 0.0091401 0.238335 0.033493 0.393383 0.125391 0.951041 0.501129 3.13221 2.03745 16.7258 14.7137 97.2304 103.093 -nan -0 
18.2922 0.168083 0.00469252 0.089607 0.0101599 0.0830969 0.0222797 0.11725 0.048095 0.265266 0.102785 0.693193 0.24936 1.07059 0.561833 -nan -0 
23.3921 0.10506 0.00463485 0.033713 0.00639423 0.0200876 0.00625474 0.0216761 0.00874076 0.0324084 0.0166807 0.0346127 0.0207874 0.0106915 0.0102142 -nan -0 
29.914 0.0644146 0.00157236 0.0113417 0.00240078 0.00460342 0.00189916 0.00303987 0.00154869 0.00156752 0.00122136 0.00041423 0.000114533 0.0006264 4.79627e-05 -nan -0 
38.2541 0.0371167 0.00183303 0.00370544 0.000933953 0.00118767 0.000504749 0.000465933 0.000195349 0.000106898 2.41831e-05 9.72943e-05 4.95831e-05 0.000107943 5.67961e-05 -nan -0 
48.9195 0.0220717 0.00131191 0.00167226 0.000317634 0.000362742 0.000232562 7.32225e-05 4.16403e-05 4.35224e-05 1.10408e-05 3.42073e-05 1.04519e-05 3.05791e-05 1.3909e-05 -nan -0 
62.5585 0.011264 0.00105629 0.00073149 0.000271366 0.000112359 5.34598e-05 2.23819e-05 8.80295e-06 9.57025e-06 3.08544e-06 5.58451e-06 4.28785e-06 9.02957e-06 7.43915e-06 -nan -0 
