2 1 0 7.54527 0.633797 127.425 29.5579 3334.62 1294.03 113249 58280.5 4.51494e+06 2.74516e+06 1.99528e+08 1.36131e+08 9.45443e+09 7.12486e+09 
2.55761 1 0 6.89725 0.418591 105.257 18.858 2452.3 824.035 73302.2 37703.6 2.55859e+06 1.7902e+06 9.87842e+07 8.70618e+07 4.06762e+09 4.29668e+09 
3.27068 1 0 6.09419 0.42748 81.7598 16.0455 1721.51 590.833 48031.1 24772.7 1.61324e+06 1.17194e+06 6.16238e+07 5.93397e+07 3.96461e+09 5.36832e+09 
4.18256 1 0 5.52962 0.474541 66.0839 15.2843 1208.76 452.076 28173.6 13530.1 756619 414662 2.2174e+07 1.30304e+07 4.99629e+09 4.41198e+09 
5.34867 1 0 4.86872 0.286153 48.7824 7.36597 737.309 181.114 14370.7 5072.32 331161 164368 8.5604e+06 5.78984e+06 -nan -0 
6.8399 1 0 4.26395 0.218426 35.3101 5.57182 433.177 127.442 6796.84 2919.78 124416 68075.7 2.50468e+06 1.61501e+06 -nan -0 
8.7469 1 0 4.02275 0.301316 31.5711 6.63985 371.077 134.502 5592.44 2860.58 98009.8 64597.9 1.89418e+06 1.50892e+06 -nan -0 
11.1856 1 0 3.61573 0.195336 23.466 3.94281 216.681 71.6008 2527.28 1299.42 36460.2 24369.6 732969 523309 -nan -0 
14.3041 1 0 3.3647 0.245401 19.9893 4.28089 168.459 64.2943 1910.18 856.032 34339.6 21190.4 683683 520932 -nan -0 
18.2922 1 0 3.09579 0.197774 16.0432 2.84636 123.907 34.6827 1602.03 406.564 26015.1 10834.4 270728 193113 -nan -0 
23.3921 1 0 2.92278 0.325452 15.1093 3.42061 142.385 45.4412 1950.75 887.741 20790.6 10635.6 57820.3 38122.2 -nan -0 
29.914 1 0 2.59346 0.595644 15.1541 6.91066 153.973 89.1604 1525.96 1367.09 8644.31 7740.46 142793 72159.2 -nan -0 
38.2541 1 0 2.47138 0.52796 19.8314 7.14827 207.345 85.7957 1782.7 555.071 33967.1 5867.55 744805 124766 -nan -0 
48.9195 1 0 3.1383 0.276499 35.9603 11.1832 556.399 202.106 8334.25 957.389 238100 108313 1.19683e+07 4.84637e+06 -nan -0 
62.5585 1 0 4.66577 0.53782 59.9399 18.826 2530.56 286.535 67934.7 19328 2.63184e+06 1.65646e+06 2.41231e+08 1.27332e+08 -nan -0 
