2 9.34967899513281 0.573253300333196 706.373057521365 191.602964136872 129191.76640625 78956.9811521918 37150312.5062854 35624732.0170755 13428308438.8312 16886148978.246 5466491076096.71 8255319346271.38 2.37899125423823e+15 4.1199594254576e+15 1.07828761452509e+18 2.085552137637e+18 
2.55761 5.86041865534679 0.336022483570016 241.669033597166 61.7767189259789 22498.2465198409 13535.4247752257 3208314.55864885 3218537.44161154 581253607.325461 794245713.737021 120768394034.093 199391858769.642 27150073946006.7 50474756105405.3 6.36244016220178e+15 1.28114820033716e+16 
3.27068 3.68453277047301 0.215028869787875 86.7326254326765 26.1915461866925 4725.80344717015 3782.56752531482 408135.793924232 599439.091972151 46045274.4438623 99569581.0279574 6105816745.04323 16958965855.3136 894345445490.356 2932835986109.97 194390957327009 603883272967895 
4.18256 2.33444129098909 0.113963931127839 30.3718832741852 6.15419129156261 859.3734587232 428.533705094092 37366.8843194132 33336.1699491822 2078448.09381084 2703124.81027998 133546590.104657 222650151.153682 9358913690.23518 18440104832.1536 1319661968878.15 1326304734268.05 
5.34867 1.47873775747804 0.0810358894141363 10.8966979099043 2.5356748959463 167.102186040283 95.2898222095778 3812.79263742948 4001.96614900352 109831.206539888 177300.312329079 3665985.97075417 8037812.69102103 134653686.438349 367163174.991206 -1 -0 
6.8399 0.940360439127729 0.0470045193271742 3.69253371290367 0.64949145632512 26.8439037346484 9.89789786867925 271.559297304997 159.108686621645 3313.31248485332 2630.59380500894 44924.0422096392 44077.3362214479 642102.371611217 739261.42277945 -1 -0 
8.7469 0.644379317421281 0.039506255786072 1.74288260580584 0.373559074384718 9.2572114930919 4.43548201536592 71.7367547319748 59.4269637692249 689.840841411395 844.384280442426 7500.42475597698 12375.1381840183 88819.2307787788 185342.000382632 -1 -0 
11.1856 0.39586153697788 0.0246106405389783 0.564135321809091 0.117176183626801 1.40776125355727 0.641657794642653 4.76349600068463 3.81733220787965 19.2079948095212 23.7809107904325 96.5414604810299 158.369404522813 622.844487371934 1163.63278783905 -1 -0 
14.3041 0.260413747358439 0.0170767710290291 0.242316348396521 0.0560407896197789 0.418152780947364 0.20518780871136 1.0120858569269 0.787162379960271 2.9291558699503 3.09528222117575 10.2802632846729 12.4216298397393 42.4117067470658 51.167449623909 -1 -0 
18.2922 0.167472808527948 0.0156227482055395 0.0967007683600249 0.0317769111229627 0.100180957081934 0.0683413158901109 0.152324729625252 0.146897912110239 0.288460366106231 0.30980129688055 0.538636336908575 0.566546969453438 0.728937621349563 0.950787203109596 -1 -0 
23.3921 0.105123987109416 0.0118840862998516 0.0359055668774314 0.0168782377337966 0.0229556091135031 0.0232237141545772 0.0277562384668615 0.0314401131442809 0.0379356330756638 0.0382475756119041 0.0364614696983833 0.0409272051353637 0.00506413741070819 0.00457293046628278 -1 -0 
29.914 0.0626332701266546 0.00960336706404982 0.014587629897978 0.00742824642152556 0.00717642116369999 0.00610942668029351 0.00498915298870927 0.00497287231218133 0.00346737790039078 0.00377796379936448 0.000558802358000815 0.000776254806963856 0.000634608894932414 0.000603255777286549 -1 -0 
38.2541 0.0366912090660169 0.0079280279845249 0.00523428729280864 0.00374851995304651 0.00206119802542307 0.00222791886067049 0.000712372161976956 0.00112377374896476 0.000108555165707745 0.000226744109090838 4.85008960048092e-05 7.12483869125469e-05 0.000160544784430498 0.000171847784267548 -1 -0 
48.9195 0.0225986801113123 0.00671690237224806 0.00208166041143984 0.00157030172959223 0.000307028263753769 0.000292083302842881 3.12575329254794e-05 2.53044721415529e-05 3.6455430038356e-05 2.87072686431627e-05 3.63356150076743e-05 4.29315006789356e-05 4.95995886231003e-05 7.01016507978695e-05 -1 -0 
62.5585 0.0111168735872689 0.00553986246470715 0.000738163705495029 0.00103463783578673 0.000160900870033237 0.000253088926564164 2.14507682162536e-05 2.30664935902895e-05 1.301917936799e-05 3.39863888460479e-05 6.6482561534493e-06 1.28759473141088e-05 5.76078881606996e-06 1.66472991434993e-05 -1 -0 
