2 1 0 6.97696470750534 0.760045000358166 100.673203851773 35.3348669940356 2135.56710472721 1513.62749944751 57204.1499872912 65365.1528907189 1776018.4867674 2872177.20922072 60755597.7045537 128085992.65734 2220626418.73953 5774765462.92265 
2.55761 1 0 6.75534243991726 0.764791369805514 98.8071519374102 36.0981736794562 2178.38074886379 1539.43635808402 60851.2545358909 65221.8217521495 1955999.06632677 2783722.0660519 68526175.9920284 119799759.432141 2522232742.85547 5187108471.75575 
3.27068 1 0 5.59847814137949 0.522899484253933 62.5620402873476 18.809328881237 1027.79391104139 614.353355050319 21511.2053121983 19867.1116489973 524239.067369016 642186.758152269 14029458.1704005 20763075.4765236 750271016.636256 816183286.870481 
4.18256 1 0 5.43432458614404 0.845444560990867 63.9783450822687 30.4440826249697 1163.46889524121 1009.69824906957 26885.2927500406 33898.7213392708 707913.181058121 1162039.27151826 20100080.848389 40523264.4419118 3224759633.97291 3251636951.30508 
5.34867 1 0 4.58509601085556 0.353527827089622 40.2507312182342 11.4646342035602 510.565046784904 340.36060416703 8273.45011209692 9957.59236590163 159841.835706943 289842.593216636 3500113.33238839 8409469.6331878 -1 -0 
6.8399 1 0 4.23999580947402 0.522409879355106 35.6466975957149 15.94421297703 462.567656878426 444.197797681945 7969.87589252365 12388.3802601848 163193.93341232 349354.456321235 3687577.08820415 9926712.82346546 -1 -0 
8.7469 1 0 3.76757337197442 0.441662014754543 26.4092550668883 9.92650924981329 271.383163783817 195.825667186784 3532.17180668673 3809.37969122832 52574.0482545243 74100.7004510268 869590.631932518 1451759.20245044 -1 -0 
11.1856 1 0 3.56135528826724 0.425297642485733 22.5600138563965 8.79731357422503 202.711797676114 163.576596525783 2269.18380107259 3012.41285002289 30823.7057488919 56148.7533308327 620200.133643753 1158440.891557 -1 -0 
14.3041 1 0 3.21100045264739 0.483808454843075 17.454988406617 9.24291823552541 131.793250841162 154.589966022581 1582.67557349943 2712.52202896797 39047.7198350394 55964.5303916479 908961.898297441 988856.89420039 -1 -0 
18.2922 1 0 2.98129077684157 0.513653742585962 14.8058346556146 9.13723239418614 112.712023553141 150.358954157607 2095.49531648608 3012.3451963788 44289.4370090382 56219.0845862679 523356.332353348 808490.973369644 -1 -0 
23.3921 1 0 3.26630780648399 0.625898110276593 17.6286249950203 10.0782037459917 146.197039752393 146.493688333666 1818.25990567714 1983.0730118476 24772.1537670609 21994.9335904087 40121.4047298703 31269.5668929699 -1 -0 
29.914 1 0 2.11433876055462 0.803392317403648 9.5121731531186 7.87484103117098 64.4163524030617 71.5111547872425 671.463946318284 825.937349145785 5894.48668273661 4287.81686015477 111429.938106778 79358.8165150901 -1 -0 
38.2541 1 0 2.40835498587984 1.44426206198907 14.9329462103631 19.5577395092824 184.851324283185 281.328916916809 1407.34501197818 1640.33683969337 25326.5751697464 17812.3573040055 755791.39549188 724752.210239396 -1 -0 
48.9195 1 0 3.28035176031337 2.68823373597183 54.0053978052238 54.3115936458569 464.900350783143 400.177088965169 7093.37167806684 7469.99155814447 163261.371655953 140370.009359539 5875931.77603551 7129780.60165271 -1 -0 
62.5585 1 0 4.19692274871551 3.18450886318244 38.5762555433369 32.8447272321301 2063.6948736849 1893.98859803339 42553.2824071705 42676.769753062 1247895.67647595 1459489.76844414 104474649.996363 150412596.331376 -1 -0 
