2 1 0 6.93692956255048 0.533702909641214 97.6696302109572 21.869315742731 1957.72134823872 827.390930454127 48092.8078464579 31402.3305154051 1340087.32297215 1205076.25233175 40555709.2116592 46706483.3969457 1298086631.22593 1824557174.05515 
2.55761 1 0 6.27086942602427 0.52511792272939 78.7977480558038 17.7384946515324 1401.37584745771 538.68876640381 30203.6450082699 16262.5571290932 727199.435941477 495418.540317234 18709551.998191 15241777.0097346 488881274.352674 471256587.647623 
3.27068 1 0 5.7081955165115 0.527163839258708 67.3352100019273 21.0326806571496 1201.24222709785 763.554116389279 27633.9079471283 27198.1959152666 740650.610420494 964156.784136979 21729000.2227029 34153082.7523154 961151434.96328 1417220564.76853 
4.18256 1 0 5.1124551025826 0.391525023068255 52.0063784417218 11.0799231825373 761.352057060792 298.441427109942 13706.3058606 8329.81885832278 278930.140464725 239267.537252762 6126989.40483412 6983309.2156029 -1 -0 
5.34867 1 0 4.7027796478978 0.474530010039721 44.6820313396353 15.999837579387 639.689476097456 488.554615950874 11796.4213186227 14675.0357005831 254933.669835223 438872.645331257 6090663.13258493 13082273.7606559 -1 -0 
6.8399 1 0 4.01328695034631 0.331058905171371 28.9081945851512 6.82331281206065 285.841795532178 127.442687865636 3401.38822428381 2494.6310407854 45296.0137805619 51856.5686541877 647158.471579596 1116794.27780861 -1 -0 
8.7469 1 0 3.67469672552089 0.25497666798116 23.2943384374572 4.68645417489606 197.464014542564 75.1218592569623 1969.17039367132 1167.94925359875 21302.7928559763 17774.1283488816 243630.48413283 262558.675870489 -1 -0 
11.1856 1 0 3.39679008784902 0.353865772152428 19.4766958001869 6.56366611480431 148.529834828157 106.49085250831 1372.10221320687 1713.45856670386 15764.4973631542 28859.1190476824 294950.260283363 568996.363247281 -1 -0 
14.3041 1 0 3.06965185893791 0.327226848363579 15.0669988759711 5.83073590005575 99.4464549833767 91.1041283422713 1051.46810692927 1491.78126476862 17122.2990067613 26719.3626493852 302956.755521973 472212.069512593 -1 -0 
18.2922 1 0 2.87056071265381 0.488675889857722 12.5098250296507 7.32375533265478 75.0157515447298 92.5700178447571 1054.66702480122 1376.16973608081 18264.0069254958 19680.3365398719 99671.9295863113 186125.264582309 -1 -0 
23.3921 1 0 2.40427541039866 0.609871216802278 9.20750770924132 6.68536202507295 63.4881001593045 53.1233186833282 510.700115900179 519.456647315165 2778.13477128604 3274.80284483538 31297.7727949309 22978.8717653074 -1 -0 
29.914 1 0 2.09251509555679 0.744957116942011 9.67832596020123 9.47106405719926 116.228540806877 120.98535064372 800.351258040011 1054.05704213509 4810.31236741617 3837.4113798892 117505.290280358 90554.8287036289 -1 -0 
38.2541 1 0 2.03436504892098 1.26925966974082 16.0086871562942 11.7167933584191 99.062793914335 80.66576983082 1501.6776666653 1329.91191178088 30402.3082033675 19308.2563134359 577779.904701985 520204.861768743 -1 -0 
48.9195 1 0 3.03806931777461 2.34203138512255 34.5989455267335 52.0307223866631 339.504109147936 264.887978902532 9311.60243710978 11477.0873160213 412272.100129166 1018656.4034131 12530736.3776575 23111086.8360202 -1 -0 
62.5585 1 0 4.4929807008902 4.23455528462232 56.6218135538105 71.5181094290538 2482.67253895184 2774.03353829847 87897.0973995255 93065.3877523156 2153629.68048543 3047346.73933138 226616899.857444 361522816.064926 -1 -0 
