2 8.89573834980531 0.355145531644994 552.005582598665 81.1347638195188 70011.4394694609 22341.0433722659 12699533.8239093 6854308.15181899 2829209411.68211 2227880865.64931 715466052718.731 746793628772.378 196525417548802 254597557777747 5.7076302972092e+16 8.76062219509327e+16 
2.55761 5.65661027064285 0.26098459461429 202.099538891085 32.5501185031541 14593.796485908 4688.35241053952 1498813.99819389 735599.218508704 186789862.241747 121251009.763025 25990814047.9439 20579292241.7998 3860153953211 3555601898256.37 582179285232038 616521825621561 
3.27068 3.55693179754477 0.153800602855826 72.682575397746 11.655522373747 3093.98471108803 1184.94043797037 199760.78432233 138218.397118559 16578171.599868 16787536.4615092 1593729874.73001 2062577298.37553 166771276790.293 254339939801.225 25814223569576.9 36111607834661.9 
4.18256 2.26634451658341 0.108555505412429 26.4565189164547 4.17944751931672 620.268670633819 189.980468243525 21030.2208933075 9911.03373459051 876673.636317759 569716.235441676 41182176.0871753 34811705.5180064 2078894696.90713 2203631133.10508 -1 -0 
5.34867 1.45668275913659 0.0682624604638395 10.0593369001425 1.80696304276548 142.237466791275 64.460191425168 3067.96489482184 2664.22200350413 85869.9912440464 115397.732318041 2823714.94210087 5065195.57526848 102552924.292333 222684136.826174 -1 -0 
6.8399 0.936544841404087 0.0471068169062575 3.54858376143341 0.609890327399448 24.4377223547758 8.89297641311741 234.039701908853 145.440384919828 2732.34373015048 2662.57530798099 36199.4927137037 53148.3234782714 522496.907435531 1111820.08136574 -1 -0 
8.7469 0.608659411174394 0.0257966101193085 1.36820882519545 0.187611118591039 5.33690612100382 1.49739587988488 27.9179817330948 12.7647701260676 171.660128307312 112.477481834157 1140.73685209204 997.414078708154 7957.46013938253 8698.06987626337 -1 -0 
11.1856 0.397712140370911 0.0216062717492621 0.541821075920776 0.0996956029569049 1.26057750441135 0.537320329883775 3.93949455468228 3.15094285251467 14.9907599966791 19.2955017772382 70.6067674148484 124.583631334274 530.730208574682 927.849098843634 -1 -0 
14.3041 0.252968791969321 0.0161906658978455 0.198529662066108 0.0414696666396041 0.253209125030487 0.128225915847349 0.443037462972441 0.455810154950996 1.25895711585041 1.83731359425025 5.42131847169754 8.13946357850218 25.0101490322388 34.649145621344 -1 -0 
18.2922 0.16244888123642 0.0108851944926721 0.0769562816112285 0.0210858733527902 0.0568653561750449 0.0409118264368418 0.0596081328228307 0.0805740027933754 0.144375044213964 0.18965870669299 0.402010010038673 0.427548699231427 0.322335227831547 0.615640247689125 -1 -0 
23.3921 0.0983719630165339 0.00835953149343288 0.0239583263310635 0.00909095394293224 0.00969043382409298 0.00807206179947229 0.00660734182707861 0.00544632780260111 0.00416719406191222 0.00540593275155804 0.00214626578527612 0.00349390803504466 0.00239958908027528 0.00238038735192053 -1 -0 
29.914 0.0634847514056411 0.00723701695315027 0.00869298021077739 0.00429616552680353 0.00270364620514882 0.00338012002732014 0.00241289163089191 0.00328901718372153 0.0011260781713286 0.00144294657360179 0.000353393534692279 0.000247047835467963 0.000583991873041261 0.00058125433606181 -1 -0 
38.2541 0.0367159077471646 0.00608014584515127 0.00284288241092242 0.00194641998070193 0.000808964790619792 0.000623422508647396 0.000244405580480908 0.00019399093770552 9.46091806417979e-05 7.41897859977918e-05 7.04511895002217e-05 7.76180274691981e-05 4.93441160932675e-05 5.64775401320025e-05 -1 -0 
48.9195 0.0199208197743701 0.00716045762002636 0.00125388343109349 0.00116880039112058 0.000140422755384778 9.14075626875781e-05 3.4466874909667e-05 3.68544589273891e-05 5.51455604106693e-05 7.03906531865239e-05 4.67002746180579e-05 9.17828469619114e-05 2.30374990323854e-05 6.42681033735789e-05 -1 -0 
62.5585 0.00953579081379639 0.00356271263340679 0.000408429592767256 0.000503335233298553 7.76324067939394e-05 8.05844972236962e-05 1.60410267995026e-05 2.64194273535176e-05 4.96239876028011e-06 6.22129583617662e-06 2.80593862257319e-06 4.17386514738486e-06 2.28363245755294e-06 4.65518170960186e-06 -1 -0 
