2 1 0 7.46063293456667 1.16808437429653 124.73862883638 76.2163334826083 3373.21698636951 4678.03945473366 125892.596537405 286649.299150294 5764686.74080201 17599849.6464006 297661477.176643 1081941014.06942 16448918761.7415 66548064759.1751 
2.55761 1 0 7.34609868943687 1.47756882782889 130.040429783071 79.6040042596092 3681.21414368595 3981.15037348316 133735.027446555 200035.167097789 5549591.31852064 10134624.6653824 247901004.041419 515993556.924838 11541274448.6143 26322687988.307 
3.27068 1 0 6.28605995557235 1.37260147086529 92.8682621171314 77.837466193356 2338.95072114693 4159.67085979994 82016.3783968714 223037.469181264 3464975.62491662 12041351.3649754 161716895.311727 653812853.458468 13476505914.5927 46202827781.5423 
4.18256 1 0 5.2526083940357 0.822847609059091 57.4344061446559 34.1351415577013 982.658803687092 1321.65720539548 22853.548637078 51355.0145314074 653216.753351189 2009899.87376654 21244139.957672 79044731.7670798 11441770710.1823 4420597374.66748 
5.34867 1 0 4.80748915035458 0.90186675565091 49.9124928228524 35.7479245362929 856.671180959015 1297.7870417013 20269.5930856111 46891.8504010939 577366.494412024 1703288.13893639 18183084.5526816 62153442.9588166 -1 -0 
6.8399 1 0 4.33548832662514 0.571035765861972 37.4426015828863 16.4471977696402 491.613632587765 422.378822897321 8350.94088797208 10707.6832436999 164956.314097651 271482.960070113 3543460.05790138 6871398.1526192 -1 -0 
8.7469 1 0 4.10722111765235 0.73638163571953 35.0868395600105 21.4345388955657 484.914573072068 558.273489545438 8867.49492445271 14304.086116576 186702.259986779 364075.016000483 4185022.13175362 9175647.12700551 -1 -0 
11.1856 1 0 3.62909430006876 0.40637379640861 23.3008218704882 9.03174632092623 212.503733086911 177.822895053106 2453.34753210804 3418.90611902582 34972.9679786353 66102.2799931074 768475.517033332 1435073.95500436 -1 -0 
14.3041 1 0 3.33108448305614 0.394182818781882 18.9211681587805 6.93485298538617 146.782983501472 106.755712088474 1500.03252207459 1597.60058483487 18951.271700837 24837.2723651493 284140.347616179 408326.868625439 -1 -0 
18.2922 1 0 3.03052415736265 0.527283841673536 14.9983315977146 9.04696790422713 117.289926026951 139.005712437074 1351.90623283495 2356.26085960452 27052.9200792462 45499.2665082275 432662.764591052 665655.461236729 -1 -0 
23.3921 1 0 2.87393351962442 0.797490480497419 15.1493927257232 13.6706076884017 157.734493117659 232.340244896463 2748.42483188595 4147.71503246324 28512.487202199 51591.0637002231 53545.0100577464 65077.575805253 -1 -0 
29.914 1 0 2.68292465318344 1.1380841448799 15.1904079643331 11.2028636693854 130.417711182426 151.803936347365 814.220057330696 1070.21842008621 6861.89084569382 5280.64244478485 123278.295510511 94067.6213799262 -1 -0 
38.2541 1 0 2.42433221753083 1.590027129633 20.6841909077638 25.2830165462005 299.830417753208 319.418891836634 1901.33215097239 1412.49999209286 38548.9020197549 31036.1426050923 904732.77129354 813061.938280251 -1 -0 
48.9195 1 0 2.71355999294467 2.29426400775899 35.6598860499075 43.1410279232627 725.586420572608 1283.09047320138 9006.37733834268 9520.67195784149 161637.191590684 271583.312226823 19038151.7602695 67732435.9751115 -1 -0 
62.5585 1 0 5.52840381664384 4.48777039080537 72.6963299093561 121.567696227432 2604.86010763515 2767.23181065074 66473.210005485 80649.7250400804 1805518.32975547 4808043.95091024 154968063.097678 377957819.707925 -1 -0 
