0.1 1 0 4.53444555113301 0.378921963787329 41.9385189396406 10.709164476366 568.534094189554 272.538190503056 9446.83268753356 6939.94794345745 174419.105156542 177864.675353113 3433150.25856124 4552880.05807587 -1 -0 
0.116939 1 0 4.21982583092828 0.34718331159926 36.171224513206 8.6587470626568 456.254938949909 192.730321270537 6904.66700146993 4275.72540014956 112422.706888798 96713.1765327488 1875407.06929997 2241542.13110069 -1 -0 
0.136747 1 0 3.9921379764109 0.329550732756159 32.2213141859488 8.84091130854985 401.348326002614 217.38462255554 6350.48289828809 5195.07636643343 114900.364735916 120951.525385064 2405094.91591043 2782750.84287645 -1 -0 
0.15991 1 0 3.69134725814474 0.317995984841857 26.078298490986 8.78585244463279 292.444171600727 211.996516813676 4340.38273347898 4988.19256122457 77471.1523504399 117795.886748884 1994016.66287094 3035975.29895361 -1 -0 
0.186997 1 0 4.07687443809586 0.423821868200887 31.3215510788241 11.6903739411301 358.915013877722 312.60127210722 5564.35057641164 8718.36712355956 108717.589496472 256449.753486627 2815372.64048489 8147405.05065808 -1 -0 
0.218672 1 0 3.97502545626791 0.471976655119691 31.0251868258259 12.6678994880835 360.773437216337 312.604120201384 5647.67660795172 7678.66948095922 114973.443910346 195207.998977745 3664507.32934703 5459653.12839989 -1 -0 
0.255713 1 0 3.61425331237178 0.462725739108332 24.7317374092539 13.4043137651562 275.354450783701 353.439693832994 5632.85088901983 10056.5520822192 141713.653978369 289508.34284251 4117708.07552852 8319577.9955129 -1 -0 
0.299028 1 0 3.44106535599957 0.484895841326898 21.0246661240757 12.093533344067 202.925761270231 278.115645691175 3824.86848448383 6934.59627921492 122993.234186357 181174.183741104 3772971.38976616 3893011.76817402 -1 -0 
0.34968 1 0 3.56636250815618 0.551194450126587 22.8433568472228 14.7351585090046 227.774980036341 360.308597928714 4973.81394604686 10422.6981258689 132800.684827242 297055.6913346 5108917.29099257 8639324.79194942 -1 -0 
0.408911 1 0 3.16824109689377 0.422328980725381 15.8367191409887 8.32968633910446 119.915638893343 127.881909729433 1695.54702792251 2004.77575217763 29970.8768445559 27943.9645311198 51825.1911995822 37390.8129002773 -1 -0 
0.478176 1 0 3.01844525281403 0.580805848279937 13.3956641824641 10.3684709641975 123.028286993199 233.265807521319 2414.62497358569 6693.6348770244 168576.847680048 237826.831311628 259790.02717138 832096.141491155 -1 -0 
0.559174 1 0 2.78149581412638 0.523705052081331 10.993898973372 7.50066422203861 123.808961102806 92.1853083970773 1160.22626461078 1153.24804938541 6450.77811876774 9459.69662171412 91798.8297514219 56400.7318989974 -1 -0 
0.653891 1 0 2.58300270400202 0.686800768712821 10.8521249357608 9.87460217060109 140.418961947462 167.135004908586 2128.68480148265 2683.55160328841 9705.05296283394 13133.7515318958 137439.368877607 66277.36788863 -1 -0 
0.764653 1 0 2.29571742706963 0.870443668053348 9.16699468942392 8.02122458483772 80.5515384443846 69.7734166657581 324.04984860222 277.336114370462 10704.8829604313 7487.43644122605 147427.972970364 128579.74451585 -1 -0 
0.894176 1 0 2.43329848391379 0.830538240336906 9.13488444520048 7.09256112551357 137.899282148495 125.46021443185 766.344810337175 1063.57716055221 17628.4027966723 11593.4969462637 398084.617647124 355067.037148907 -1 -0 
1.04564 1 0 2.04579829505522 1.05534443649896 13.6825403852685 14.9011881063966 161.945421431116 239.029563872908 1096.72945791344 1593.28303067308 21228.2924546193 19192.4160870292 427085.736521082 285051.202305135 -1 -0 
1.22276 1 0 1.67808335257675 1.1993050667712 8.79955371751954 14.1774153213387 117.439211901516 99.1313258085043 1662.16172632756 1216.02439882036 53046.5395440817 42979.9750461055 1157706.09402177 1453508.38998464 -1 -0 
1.42988 1 0 2.38129047535539 1.36844587928713 13.7090763085446 9.87581069215788 211.763161874439 191.505505146348 5247.01673159646 4845.51932848944 107424.537434365 84600.1811991657 1862980.93379643 1568407.33839062 -1 -0 
1.67209 1 0 3.26060881539778 2.08346222492185 45.8829826391948 43.4118103869374 531.948247927136 683.611510764945 6009.81987244308 5852.98079098717 333878.501643513 387936.996020829 9774241.16043496 18699052.520438 -1 -0 
1.95532 1 0 3.13815522992108 2.36321606850584 42.7342796237747 47.6986550475589 539.352127711957 489.546535594997 23974.5797356013 20142.5359093896 659153.070042799 526886.226285485 25023918.9315793 35040520.4791695 -1 -0 
2.28653 1 0 4.98425244997688 3.33628271565655 82.2727395063048 99.4822747312248 918.65977998163 835.236047569818 29764.5012441265 34735.8907069813 1265666.96269292 2292873.83712178 52214642.306575 110714507.550607 -1 -0 
2.67384 1 0 4.84767661636912 3.75950952974475 63.1866195268095 92.5008716142216 2273.08529419106 1814.50073841896 79095.9878255079 107293.10550134 4921521.97086779 8970846.18510797 165415825.090089 209858492.004316 -1 -0 
3.12675 1 0 6.7886754617117 5.04243278439219 60.1808828968964 51.0804147738294 13512.6021763486 14863.374122966 515059.859157878 666305.205308501 53236824.677241 81448796.0995567 4841051591.86394 8684168852.81636 -1 -0 
3.65639 1 0 5.51797576584447 5.25201551511246 196.074279572334 285.352442823258 33155.3783073753 56291.0524472596 2377188.9854718 8721442.10745963 61936004.4344929 130109503.751379 19203643845.9275 45019883540.3561 -1 -0 
4.27574 1 0 12.1297947971823 16.4231463397003 -1 -0 47384.549617114 97506.6221144181 2582735.15004048 4485365.12045058 32455083251.4046 139506240178.376 10813279720708.2 41698533885576.3 -1 -0 
