0.1 1 0 4.48044207364551 0.510657979140728 44.0276415473568 19.0408066517565 713.730489747899 643.361956045708 15724.3217980581 21645.3471983318 410447.715082213 736313.772096903 12113687.9992061 25707760.2613955 -1 -0 
0.116939 1 0 4.03792118937919 0.316765600347237 32.8573074627224 8.62750395861029 401.245572272488 207.892239626218 6059.90476002934 4855.60368665622 101858.902770381 110419.565937014 1849069.96609062 2434408.55066536 -1 -0 
0.136747 1 0 3.96825173064996 0.428232447836114 33.7385351439096 14.6863474137844 482.049215653908 459.843786657867 9447.15648698439 14131.6419479022 225277.292076487 432385.383295227 7015818.22398638 14010817.4144657 -1 -0 
0.15991 1 0 3.43794595551952 0.31844798084655 21.5480208631074 7.81497616583124 215.866272502558 171.038289924009 2995.87229653854 3735.84529764515 56229.8267605843 85745.7917521849 1234629.42196231 2037816.92457525 -1 -0 
0.186997 1 0 4.17181774890294 0.41753461609484 35.3072652465693 11.3541707703974 446.302941001623 281.966561518043 6845.38463601417 6947.61564018432 131818.931621547 174922.424198972 2460120.51579569 4337263.86479868 -1 -0 
0.218672 1 0 3.92709555512789 0.49628331836577 30.5450035653548 12.6113420368084 362.575639832849 286.809462402066 5544.48481013026 6406.8658372855 101041.954680997 144538.659850162 2280823.64296139 3376181.79696129 -1 -0 
0.255713 1 0 3.43776294148335 0.30440318183568 20.830074474548 5.62682546271824 172.813202110571 100.223670631204 1647.40158691512 1892.72528636641 19299.2795722263 42541.1170552712 676964.765142427 1414484.34886321 -1 -0 
0.299028 1 0 3.34963984003047 0.443464896878681 19.8357581423417 9.09578924499796 182.919124480568 172.216745827645 2470.64018957742 3614.65871052594 49126.5519216066 90145.9990768417 1121460.41595167 2347339.47885059 -1 -0 
0.34968 1 0 3.59257581904001 0.524599307684227 22.6319958448046 11.5356062303275 220.068570224958 220.532768745577 3319.51454579527 4300.32211833914 64993.3976400858 90088.0637354879 1260541.69030529 1546677.43548415 -1 -0 
0.408911 1 0 3.22046574964688 0.545391737746745 18.5738053534799 10.3362179966748 171.735229362572 166.698552851606 2729.14273547178 2849.28986067358 36519.1023437307 50114.0967176071 527161.035170565 782369.090004007 -1 -0 
0.478176 1 0 3.21922976671664 0.593811112233569 17.9035616436549 11.6856319259603 203.198828663905 206.138556366056 2999.24677700988 4356.91413413054 48975.8628390821 94569.1125759963 832142.049203548 1532390.24750889 -1 -0 
0.559174 1 0 2.83349542704742 0.747140538457932 14.6994064358842 10.5995435532874 151.428311902125 171.344085761577 1700.18629200832 2788.74243799958 16136.5305205272 32272.4090568762 107604.529108443 68342.800611348 -1 -0 
0.653891 1 0 2.97277939377578 0.717945813955533 14.3072232516501 10.8300515602958 162.664416896356 133.984354625445 2086.59910253498 2107.32244432199 16826.3048989541 19068.7841074656 131243.106092844 79735.6154331936 -1 -0 
0.764653 1 0 2.40435546413946 1.00720990178005 11.1947385005139 9.61952672892036 143.82090805103 136.082773678838 983.004388879117 1191.40071492534 11672.9269662521 8448.80322292374 310847.753251589 238450.714784055 -1 -0 
0.894176 1 0 2.38143831484456 0.875415098545086 9.65987822515004 11.4286363801215 193.073277264582 205.297518836022 1439.82455091566 1033.2151047839 22336.490202791 16429.9371983512 383045.355149782 368666.038227651 -1 -0 
1.04564 1 0 2.30101719339589 1.24947617839984 20.3394460381876 20.5786451110811 275.803388486788 409.707365778712 2790.35634455714 4238.45471122847 36761.671344497 24327.0027340131 620775.253059425 572732.773484437 -1 -0 
1.22276 1 0 2.22719530387436 1.32316031865382 22.4547285955276 17.953332777826 139.432096195918 141.296939545891 2734.9051416501 1944.26782221495 77395.7098906438 53852.93626191 1597789.17332752 1630838.8895121 -1 -0 
1.42988 1 0 2.3370327586242 1.85419601085128 36.7014725448471 33.6468813877941 316.692443990896 310.539413125857 6726.18385790591 7508.05096252799 188677.207672296 216872.972229036 4392385.61827273 5403762.69512536 -1 -0 
1.67209 1 0 3.24745384261067 2.44741720040072 46.3786694954491 44.6703578900474 750.864186789055 1007.01066696234 13676.5351844224 11539.3029404995 599234.170763938 726995.061675431 12590873.4000789 13355318.3227546 -1 -0 
1.95532 1 0 4.87600476949556 3.52055618752396 74.3350031478963 84.8677597098965 1226.79981273105 1313.51915552232 41272.2520097332 36668.1982421503 1013896.4488712 1899071.40459332 58416216.0434479 66704927.5132325 -1 -0 
2.28653 1 0 4.42806614453596 3.30865466043651 75.7787524123574 56.8349445877327 1488.04294455418 1266.57071939606 54043.6178410831 75170.3032247813 1857310.74113056 2493746.92748965 103361230.524511 108905906.684553 -1 -0 
2.67384 1 0 3.80976219872232 2.33951962831703 79.2904063184392 16.7497765957067 1749.61143781102 1462.16464219445 68376.2883231017 64602.0232401702 5294642.69204917 8344157.23858404 226408675.009102 505131447.047174 -1 -0 
3.12675 1 0 5.26074910882986 3.05372723818827 439.508322643897 966.34261331476 21161.8768665175 35966.9562329137 469727.648854986 588107.486503571 212376295.45632 1131458009.45997 13158872587.1655 64830779422.3264 -1 -0 
3.65639 1 0 10.0075099262536 7.2466297586003 219.0657792855 213.182535229818 40036.9403258522 45253.8415809311 1358983.745147 2181987.32532498 105790870.098529 144894067.182353 43801024927.8078 108461875209.542 -1 -0 
4.27574 1 0 15.1821676448871 14.5402041673969 35.8600564885448 13.0759023316426 100941.436003809 124743.602755499 19931422.7880144 58925874.6282071 2092508963.89467 7925186465.13374 910549771346.34 4318780047817.22 -1 -0 
