0.1 0.284361402301557 0.0100321707276449 0.368370973825999 0.051253875519925 0.980177094710863 0.317408252001336 3.83889891519469 2.11875417325051 18.4376066885096 14.7560624649329 98.2082694000282 104.935578191226 555.777371436942 750.13903952805 -1 -0 
0.116939 0.258503477574486 0.00747115698945148 0.282719399263988 0.0329839200046094 0.63015903930372 0.174328724004338 2.07017341466433 0.951362099615157 8.15849892791067 5.29626871876524 34.5515162263863 30.02667990075 149.501843403539 173.340691782103 -1 -0 
0.136747 0.233874880932245 0.00862374714834324 0.219316266622297 0.029783817167201 0.418344357512074 0.138739747510994 1.23506898217137 0.740008075184496 4.62832291530059 4.06383516355344 19.7878348354505 22.1252567049987 97.5181870065501 119.727029108616 -1 -0 
0.15991 0.226458022520018 0.00789036570624966 0.189816848066437 0.0234539241866292 0.305903035851114 0.11441481350422 0.785816202202464 0.604605776558595 2.67618062047305 3.2189167805279 10.9625730650454 17.3650024691257 64.7248944734384 103.205374552585 -1 -0 
0.186997 0.170091955441638 0.00813841543521903 0.118815288458891 0.0212067085056243 0.158286610924562 0.0752740249434326 0.318733299870616 0.333582010983628 0.882034979200871 1.65086209673107 3.13520684992076 8.74200036911283 15.0465195847298 50.2095847932218 -1 -0 
0.218672 0.148802747802194 0.00837915927258525 0.0889062438568952 0.0178782480768281 0.106159408446829 0.0521430901250381 0.191480729188387 0.17524520944121 0.465403525583494 0.619073222598657 1.4517702580832 2.26744737395531 6.92741847498081 8.81615578259721 -1 -0 
0.255713 0.135505214174508 0.00722189333863858 0.0669315096726958 0.0133783863890662 0.0635156251543104 0.0385556535935794 0.0994282397085306 0.131860619831796 0.285965019474068 0.509683256476659 1.00443086910395 2.00294845536398 4.02974110381951 7.87065070336044 -1 -0 
0.299028 0.121518818579756 0.00581157961880103 0.0513670296114962 0.0117719409409825 0.0398825456116989 0.0303477790064541 0.0520957745678518 0.0873199148721921 0.137934048931974 0.286374426455618 0.610530116792909 1.00174841052016 2.52990437064234 2.91153745728905 -1 -0 
0.34968 0.102124319754498 0.00684559463600669 0.0377212427904533 0.00964461822123354 0.0257503124133134 0.0210057917771845 0.0288815034681805 0.0545162845340222 0.0737098997985536 0.175816331045884 0.230390419985659 0.555388701066025 1.0272736850197 1.79055295664991 -1 -0 
0.408911 0.091169851345159 0.00490642220709707 0.0265584481202438 0.00531277675463822 0.0124432789291225 0.00752265494600669 0.00897769760435501 0.0103666405557109 0.0121293192579472 0.0149372011327983 0.020125723923525 0.0191154107317236 0.00269623266942034 0.00169079099248875 -1 -0 
0.478176 0.0819246393550945 0.00582566493705127 0.0204652930475071 0.00521115192706056 0.00755719087631304 0.0059878652959276 0.00567240862981056 0.0106185980700486 0.0091460899112713 0.0246146534081285 0.0508802985829637 0.0718339593745481 0.00641475520158045 0.0205848657896221 -1 -0 
0.559174 0.075727982498117 0.00675191078295574 0.0161816468624665 0.00453757468013838 0.00486209546207854 0.00363585406336736 0.00432821339044243 0.0038015046234878 0.00340567172164006 0.00437343133266194 0.00172009762589365 0.00372437680838701 0.00177197937547428 0.00166782893105595 -1 -0 
0.653891 0.0629496799308127 0.00550217504262986 0.0104349425805133 0.00362137623821974 0.00284872475791844 0.00249857120528128 0.00213879387731468 0.00240707190345137 0.00192046351914915 0.00242500202840205 0.000541389712177128 0.00088207507959785 0.000564209702982891 0.000611342464312225 -1 -0 
0.764653 0.0536135602243059 0.00532134814579565 0.00677105933226054 0.002984431744905 0.00147082167028341 0.00136494830851585 0.000614149222566248 0.000644863043086666 0.00011117445784818 7.59412227218733e-05 0.000240891133494156 0.000226372512230906 0.000196130686160762 0.000185249485083697 -1 -0 
0.894176 0.0449944842584612 0.00561992361081645 0.00506036196339058 0.00229765233985844 0.000897508571258175 0.000712093201672395 0.00052535479944655 0.000394510832947648 0.000112240526527069 0.000105709728524824 0.000113503330182177 8.8582500321586e-05 0.000145599591948812 0.000146905215775343 -1 -0 
1.04564 0.0397671309555621 0.00613227096299069 0.00336128877430047 0.00202975519452122 0.000925194179369082 0.00111675895731637 0.000397785549030736 0.000715735523093201 0.000141006943205611 0.000206917151283866 7.60155597538719e-05 5.055663126e-05 8.30482926478e-05 8.05606053044627e-05 -1 -0 
1.22276 0.0293425608756346 0.00498830404729219 0.00157292194246807 0.00124440521740186 0.000251190947868143 0.000435522676938078 8.73109546285827e-05 8.64320477233353e-05 3.98748686862542e-05 4.70756424594145e-05 4.28188782762703e-05 6.82463228465644e-05 3.00322336202723e-05 5.00521317405e-05 -1 -0 
1.42988 0.0246190858746807 0.00468204184141415 0.00155820191889097 0.00102907521346937 0.000213817342096706 0.000129566302946088 5.75383888703165e-05 4.35588785599857e-05 2.48729504392224e-05 2.52051643984614e-05 2.19887331081346e-05 1.98675629084277e-05 1.35295217922227e-05 1.64604228925539e-05 -1 -0 
1.67209 0.0180678867054581 0.0049222042266841 0.001006843365418 0.000842811025581785 0.000172359075612169 0.000114600657922824 3.20794662068904e-05 3.9207052875092e-05 9.99682011540833e-06 9.24227332742162e-06 1.14933359550649e-05 1.27428853036181e-05 9.13506804943564e-06 1.78768183953178e-05 -1 -0 
1.95532 0.0142610431123238 0.00384539519409138 0.000712417661014249 0.000635167947471391 0.00012796053453015 0.000147110166965383 1.97961068154811e-05 1.80941937692721e-05 1.02586017168288e-05 8.8163084566673e-06 5.44062583993633e-06 6.5693645415208e-06 3.32926727474265e-06 4.68157623998382e-06 -1 -0 
2.28653 0.0120826885971324 0.00304973523888398 0.000740812729232986 0.000540832913467365 0.000107444908935892 6.56399201623047e-05 1.30598933437505e-05 8.46750688774857e-06 7.87156847022547e-06 9.84566522104247e-06 5.24274065433122e-06 5.32950690753173e-06 2.32467636189493e-06 3.8767951843757e-06 -1 -0 
2.67384 0.00913543880702199 0.00355991829400293 0.000449157156322406 0.000422098360120367 6.551189620297e-05 0.000113878468153079 1.78947425292216e-05 2.62722554100938e-05 3.02046660102013e-06 4.95650852532743e-06 2.65537895663409e-06 5.15670253790447e-06 1.78378559375318e-06 2.71329356396611e-06 -1 -0 
3.12675 0.00434961921104636 0.00216167394502321 0.00017096721111068 0.000266511713400562 1.45164912548957e-05 2.67787021194208e-05 2.86128398578802e-06 3.10974468838144e-06 6.19325364787814e-07 1.06769369141391e-06 3.07553146260697e-07 6.56690673145242e-07 1.54319343136993e-07 5.44142137209505e-07 -1 -0 
3.65639 0.00379300231975251 0.00210656689834711 0.00011584814093465 0.000189305824957195 7.77780206078019e-06 1.02695348634031e-05 1.74277040129329e-06 2.51339291148316e-06 5.55644562005682e-07 8.13199434226215e-07 1.68166965652198e-07 3.27713986929462e-07 1.41591366082104e-07 4.01102431107119e-07 -1 -0 
4.27574 0.00250733895920413 0.00147502908935295 5.01608159611277e-05 4.695661691277e-05 -1 -0 1.13344225361582e-06 1.99652675735629e-06 3.85489561669104e-07 5.80191614347472e-07 5.61999670289282e-08 7.95199421438387e-08 1.00741704406313e-08 3.07613980122113e-08 -1 -0 
