0.1 0.290520970091611 0.00942260345544195 0.386323838475161 0.0439002039632987 0.997331388384852 0.229977781615163 3.5368344808077 1.31067835582668 14.5684776333161 7.78382947386421 63.7190880643367 45.9861932444311 274.527878852399 259.803515001057 -1 -0 
0.116939 0.263479867635641 0.00839780212371134 0.284038700686451 0.0295442311911445 0.575161376745666 0.132916641003682 1.61677379378339 0.674227019645117 5.34517054151043 3.59333955466385 18.9446965868086 19.7486960194516 71.1804871708216 112.856122587662 -1 -0 
0.136747 0.244593672511374 0.00957007169209019 0.238875188261796 0.0337137700071626 0.443082785018072 0.140219785756343 1.18244188481918 0.653192753268852 3.84545376248544 3.1753243509825 14.1467141025122 15.3981938054453 61.3879413434277 73.6576549777277 -1 -0 
0.15991 0.225632426047165 0.00793908935742862 0.181381744308651 0.022069925156072 0.256080551757838 0.0802377426232843 0.513621276094721 0.342131486450969 1.26452600522461 1.56744177305102 4.01435517678302 7.73414656623666 22.8208870480579 47.0272853690832 -1 -0 
0.186997 0.168462847229924 0.00753269020474407 0.117800804585283 0.0187866565600257 0.150243709638217 0.055285636506612 0.259944905662915 0.183211534995948 0.53755621106949 0.664149042344881 1.35502580344012 2.630596053297 7.80472036268952 14.2121748762765 -1 -0 
0.218672 0.148407248264039 0.00810285555722923 0.0868389069993174 0.0152547804065734 0.093573077827093 0.0395475277283957 0.141948759159049 0.11819119222987 0.263594332546156 0.379963301931052 0.78669864887737 1.39202730983656 3.11573616104046 5.41470698777587 -1 -0 
0.255713 0.138448811520786 0.0060905378951684 0.0739591264308769 0.0108741359662807 0.0695829269906579 0.0254713243048993 0.0873409615006136 0.0643780149166709 0.138432750080509 0.166336637791857 0.435538636774079 0.49327140214332 1.30115349203401 1.24614502414097 -1 -0 
0.299028 0.123244123070294 0.00574529497266919 0.0524241421811262 0.00810135053778304 0.0365831637601057 0.0134736300333447 0.0336608954050086 0.0261450795261157 0.0477774955379923 0.0575936289183207 0.115887611710928 0.148553142136813 0.24866934616122 0.360967239731205 -1 -0 
0.34968 0.101873975025969 0.00639176928712956 0.038404406895797 0.00726316973149757 0.0246371992817184 0.0105201517543343 0.0199374378294484 0.0169741550057978 0.0248320805484217 0.0295812502436849 0.0500862139962704 0.0643824662139832 0.0945332233456791 0.12620687531327 -1 -0 
0.408911 0.0915722009328997 0.006057103806435 0.0285603548507605 0.00711910402454622 0.0137352277480514 0.00846832574350251 0.00971182487979267 0.0107799670760586 0.0149683510492454 0.0178466830217711 0.0182877393652918 0.0379560977576486 0.0199396437668159 0.0435570439106446 -1 -0 
0.478176 0.079924082134182 0.00559483592005367 0.0206358179461846 0.00488421368009744 0.00792568914675576 0.00461469442334872 0.00465100749028912 0.00307451768451145 0.00334590262548008 0.00240880803736819 0.00145393759751182 0.00139732182776686 0.00156153275237788 0.000645457380321985 -1 -0 
0.559174 0.0718783304777415 0.00685599361670951 0.0165763413404402 0.0055593333964745 0.00568330249128048 0.00803545080958788 0.00801029521361825 0.0188952591193057 0.0241857362755101 0.0453648346958096 0.0575867443246179 0.0792231273159315 0.0136495646390571 0.0401237951852519 -1 -0 
0.653891 0.0603427208575999 0.00669566269047613 0.0109679427687464 0.00387879476870161 0.00332516718818252 0.00262879455343901 0.00171731648267753 0.00247174876437938 0.00236935495024286 0.00336091840387561 0.000159414728369284 0.000116337233430362 0.000517875535881546 0.000648523917116251 -1 -0 
0.764653 0.0504176758375288 0.00667143858917386 0.00742398117892483 0.00316470459261993 0.00171800436106776 0.00218512261154511 0.00179910795125011 0.00289479473593997 0.00244955901154819 0.00353357049470216 0.00046359235552956 0.00128301794412766 0.000337124688027377 0.000603779123376513 -1 -0 
0.894176 0.0436870214381681 0.00609528260842033 0.0047871525066065 0.00251762158674723 0.00125876370330952 0.00110785582207638 0.000849848477426102 0.000623644540587418 0.000212689630668617 0.000295155696143573 0.000117902814112285 0.00012961846145495 0.000177983434175456 0.000234130422998065 -1 -0 
1.04564 0.0354855808222648 0.00457708547033132 0.00294755662488621 0.0016092263541348 0.00057699047374815 0.000578918792921503 0.000229993968965841 0.000260319267995051 9.45724809037289e-05 7.76467013587923e-05 7.44827676572422e-05 6.62062803548953e-05 7.42241723653337e-05 7.10294418880896e-05 -1 -0 
1.22276 0.0274490366679381 0.00453687806954855 0.00190167768497239 0.00126686026846935 0.000408360222628884 0.000334844037451017 9.10118524020272e-05 7.48505307838658e-05 5.46010509218886e-05 6.51001298056976e-05 3.44663290427485e-05 4.56188336493136e-05 2.22085896129173e-05 2.72094320224865e-05 -1 -0 
1.42988 0.0204795084093358 0.00355781909192094 0.00121788554059772 0.000967469992040971 0.00029422610064165 0.000283108092407179 3.75055526654163e-05 3.34341406295585e-05 1.82710067935502e-05 1.28606601974514e-05 1.25947972750681e-05 1.38213217947338e-05 6.99712971034481e-06 1.00353511347512e-05 -1 -0 
1.67209 0.0144442307815789 0.00324700381328265 0.000898688194301462 0.000761474436309847 0.00015353376838163 0.00016435989234881 1.66070602171369e-05 2.15934826472097e-05 6.38457888346767e-06 5.82400636451026e-06 3.42920385531904e-06 3.30993410733507e-06 5.1881984147208e-06 1.10537436561522e-05 -1 -0 
1.95532 0.0114761535766509 0.0030794492385523 0.000608723934159876 0.000498894836058007 9.53594513366991e-05 0.000109704741356788 1.6134510983264e-05 1.89913265958894e-05 6.01586244078442e-06 8.3529177243801e-06 2.99667651262558e-06 3.19528538222261e-06 1.56006689392608e-06 1.8596742472631e-06 -1 -0 
2.28653 0.0104193055306103 0.00305732925152301 0.000687263730416651 0.000600200940947952 0.000126226566489353 0.000164926572766825 1.2827773135621e-05 1.67297418353275e-05 3.46784655479341e-06 2.50684263864318e-06 2.33287693091272e-06 5.36736164299224e-06 1.10813956398431e-06 1.40431534292673e-06 -1 -0 
2.67384 0.00719551293430021 0.00335057490008563 0.000404883631889706 0.000396326926489371 2.88624146044196e-05 3.21212469820287e-05 6.15464009508892e-06 6.71246864687136e-06 1.64030223742716e-06 2.16825458108365e-06 7.12823387990872e-07 9.85189967039831e-07 9.95525953146321e-07 2.07388111177369e-06 -1 -0 
3.12675 0.00519197037952124 0.00191317033165474 0.000292981434440875 0.000281879209840147 3.95102079064745e-05 4.30374169975955e-05 2.71131599808475e-06 3.21374861922136e-06 1.16625087061347e-06 1.89249368249471e-06 3.98337486014017e-07 6.69651420458899e-07 1.9057714687052e-07 3.17214517193158e-07 -1 -0 
3.65639 0.00384716693203736 0.0023371592172987 0.000308148693666489 0.00032445857848273 2.38976780602957e-05 2.86887364642216e-05 6.51837644919746e-07 7.1997315665722e-07 6.8698807262569e-07 2.02659290773425e-06 3.76010393832414e-07 6.37404432055249e-07 3.85902848270348e-07 6.13399669257431e-07 -1 -0 
4.27574 0.0032207885260524 0.00244736477647028 0.000195160284694554 0.000329260125594782 8.69499540741844e-06 -nan 1.78868049864828e-06 3.95102473533168e-06 4.44954322629731e-07 7.33177238074465e-07 4.81002010754388e-07 1.22935300774524e-06 5.10104880926851e-07 1.82088017891949e-06 -1 -0 
