0.1 1 0 4.56167611288585 0.275476304899502 40.2527682659638 6.74264169120334 487.410469976193 149.569712988059 6858.82359917809 3257.08133085265 102657.690449357 68997.4761256431 1519436.76800789 1396090.7686341 -1 -0 
0.116939 1 0 4.07981779006834 0.225475213576566 31.1437135972769 5.50277501492431 328.998415656706 118.840641740721 4076.43457101453 2507.25976945684 53985.9932799548 53039.093829071 755377.827440222 1149390.13062241 -1 -0 
0.136747 1 0 3.97193366839313 0.306806188694762 29.7361012031228 7.07547224611898 318.557648271823 149.841881178167 4150.14693475018 3135.98513902743 61296.2422851211 64583.4803594666 1078429.40792738 1324984.39903597 -1 -0 
0.15991 1 0 3.55004329518821 0.230756362409207 22.0012951177185 5.14834343977654 192.137695518755 102.0433840663 2030.17074305137 1976.60180304545 26955.7222257081 38650.5462698754 619809.952800457 862777.915987818 -1 -0 
0.186997 1 0 4.12261459328881 0.356704603975621 30.5898731810968 8.17107809082604 303.130293781033 176.376208960336 3528.8921831611 3900.32762992441 49289.0355229175 91397.4455906884 1579795.19958132 2881514.54094153 -1 -0 
0.218672 1 0 3.91299367672584 0.351284958922485 27.761734317016 8.30281505074885 270.475763410361 172.471632983956 3106.11002642664 3538.51639988366 55134.534531512 77888.5966758009 1270908.74382501 1831979.45997122 -1 -0 
0.255713 1 0 3.84440307090201 0.383966199169997 25.9771976340622 8.73065983689902 234.935956976101 176.846291274081 2708.64374019585 3521.60221109884 62774.4012862577 82723.2641127496 1409402.64865786 1667362.91338159 -1 -0 
0.299028 1 0 3.43673271045158 0.379612523208643 19.384565584907 6.8435115912616 145.140617492481 111.99042097509 1690.6677991519 1992.59863708217 33182.6626616274 42625.8264466688 596920.673964162 838576.283278087 -1 -0 
0.34968 1 0 3.67436306309057 0.443485874548469 22.9181839707549 9.41835038835113 182.574879800034 175.388077557231 2350.81918450099 3495.10683722857 53065.8879432913 87263.2670418267 1161517.88563858 1845832.38841927 -1 -0 
0.408911 1 0 3.35481562600788 0.511162499842895 16.9156274717358 8.51078473838485 122.741309601552 124.140756891023 2006.57382355932 2412.11068538384 28873.1826193014 58637.0600526099 341412.275155015 719561.255917696 -1 -0 
0.478176 1 0 3.20178815239315 0.536411290861314 15.0944491036143 7.95038801297356 110.085094876363 72.4666015716806 1072.7848984148 789.351370926579 6329.49523698725 6751.63349700286 81923.2339528463 54622.6685595111 -1 -0 
0.559174 1 0 3.15431277745425 0.745879199660154 14.3542070255873 16.7666805415909 240.469963819341 484.356919355978 8304.10581520597 14568.6546651501 239413.850108116 319100.828889505 729743.534955831 1984060.01056516 -1 -0 
0.653891 1 0 2.96691827289575 0.754336407273084 14.4847260055921 9.21925405465004 115.995520610488 119.421084311561 2013.46289609302 2028.1598941155 3348.90902649846 1964.22753039396 159203.586120228 114463.096806175 -1 -0 
0.764653 1 0 2.83737601140673 0.670549366544707 11.5900651191437 12.5926924758082 219.515524648891 326.625947048028 5185.23489679145 7897.82369037741 20845.4862730613 53481.2161389046 321911.48854531 194439.251384667 -1 -0 
0.894176 1 0 2.41036082068786 1.06029540475278 14.8764075561341 12.7934628873874 251.186355766822 159.358495106657 1332.37902583987 1901.90987854123 15413.1732879059 11765.0846013631 474606.185050075 423021.033259099 -1 -0 
1.04564 1 0 2.25644383638367 1.06057778645611 12.9810131567679 13.7864108580034 142.306594310703 147.465666950789 1859.12376326747 1470.53450929175 32717.0150812161 25006.8680614308 777028.160292644 510498.855507075 -1 -0 
1.22276 1 0 2.44507949737641 1.37898344531361 19.448924728838 17.291304299768 215.329504188425 210.716740548429 2515.87633320351 1882.81027393008 58923.6455499479 51816.4638792374 1513226.67420997 1041434.93982158 -1 -0 
1.42988 1 0 2.66696083014366 1.66630785068835 26.8814748355552 16.2903074004345 195.343717084268 159.341269378028 6088.82155795162 3978.79002695047 152783.580045886 90099.758122217 3856370.56202058 4092918.75699915 -1 -0 
1.67209 1 0 3.83805349619833 2.73452153213282 54.0948395631567 70.5495006823255 567.676275389556 830.9874758579 15622.8300107908 11859.9151027266 352745.160570764 301870.472700331 13582888.2578427 15903780.1976123 -1 -0 
1.95532 1 0 4.07853889780528 2.80364612004511 56.3103438562527 72.5127966934481 1275.22529275481 1240.59388921179 33184.8614347362 33462.4773540723 1438603.33961229 2539890.83799596 47045238.3003652 65268354.0636876 -1 -0 
2.28653 1 0 5.23782422920681 3.30583045151306 66.798081166726 56.2422903301161 1328.57163697239 1689.71914071563 65381.0452433715 55414.156167596 1959406.66352022 3076347.42960513 91484835.184492 152875600.427504 -1 -0 
2.67384 1 0 5.84451473499899 3.81841755666831 81.4318867225176 96.9648782057213 4944.4583667854 4163.26394426242 137557.418894433 112339.495250544 8806107.44655821 9151725.80173406 624989957.534685 1120978331.31858 -1 -0 
3.12675 1 0 9.37227592304007 7.59998010955983 263.477875542228 226.357666354613 13133.0003033527 25972.5952374751 295136.262669503 380265.19715112 27214393.8794392 38378052.4811122 4385974744.10103 15500842252.1152 -1 -0 
3.65639 1 0 11.786574690065 7.43939653334385 163.134728910881 191.918368107953 20367.4441635113 25343.6915011776 1317873.82443345 1173857.52077878 79545152.4186039 130149073.039564 15389021708.2637 40760308820.9227 -1 -0 
4.27574 1 0 13.9454431291714 14.5391061683904 7.13309531606621 -nan 123696.808093169 261478.790062917 6649732.28573278 13226750.5953671 1483539125.89949 5165090189.77572 1060715502730.6 3065344556785.57 -1 -0 
