0.1 0.293399690716967 0.00936599120205974 0.390876846760682 0.0414261275674445 1.05066426297657 0.235593615384558 3.99760975838689 1.52993509167565 18.1253204607411 10.5646197873841 89.7867845763931 74.9645338812819 458.934899387799 533.480068777806 -1 -0 
0.116939 0.262972749121278 0.00890587036641321 0.290345788686237 0.0428839169073411 0.647062916722131 0.221759406801521 2.09484937357803 1.19650325194218 8.20422627578973 6.78807595290679 35.2914616448948 40.0356380175027 170.060758485123 245.550461883544 -1 -0 
0.136747 0.242118588604621 0.00939364479781204 0.237184733037982 0.0301776507155074 0.45156172383904 0.11852532771948 1.20681404888911 0.543125187593968 3.79700525890304 2.63505532525322 12.8345816636176 12.8113544460652 49.4062853708158 61.6039967177316 -1 -0 
0.15991 0.231576185913502 0.00862952705745212 0.186756862151538 0.0223485885294727 0.26074375034768 0.064644191329126 0.491268605248804 0.19549762414192 1.03531598145132 0.591421340929132 2.35895555864139 1.6451641515033 4.886394153223 4.90892717017956 -1 -0 
0.186997 0.174005686484222 0.00851337562587039 0.125538343664196 0.0223371682298941 0.176756698865546 0.0686378121021825 0.353376342710448 0.230339161615549 0.833719565076512 0.791154193995439 2.18336053116765 2.66880093209415 6.54065894012356 8.72434636108009 -1 -0 
0.218672 0.155092499866495 0.00737103697362316 0.0922281226623446 0.0153252276292972 0.101868034127697 0.0360095657918707 0.15355538731086 0.093088312632153 0.267621301513613 0.243891305545717 0.644626016385658 0.619844445694624 1.59664909939091 1.31548703684761 -1 -0 
0.255713 0.143185788226262 0.00672530164351939 0.077854361008518 0.0159776758957081 0.0801799314465789 0.0378712405303997 0.112985441681411 0.0887039063760575 0.192068315828993 0.198604827155969 0.413254245611044 0.428602898350565 0.581927301193131 1.00544628070667 -1 -0 
0.299028 0.126187064247233 0.00596655265956951 0.0550281672363294 0.0101605667918656 0.0447809689009731 0.0205182757269474 0.0530683731753662 0.0425834160787262 0.0850559606661524 0.0876881172684097 0.157746698346376 0.177470134511347 0.343910999121014 0.318168252748745 -1 -0 
0.34968 0.107105853838489 0.00571068014138451 0.0397703755131728 0.00800232378028576 0.0266913859811813 0.0130997667506055 0.0226022256430535 0.0219748572725214 0.0303427495871376 0.0367629762247778 0.053216350119257 0.0552407113176287 0.0407263747711576 0.0568016921045734 -1 -0 
0.408911 0.0947786660376447 0.00714345768126984 0.0296702231477444 0.00912588352120699 0.0174814555793153 0.0128814212775925 0.0188402309589206 0.0187486194609334 0.0258736979877266 0.029006856381248 0.0315040358101237 0.0414611311448241 0.0236202400112179 0.0379542034160328 -1 -0 
0.478176 0.0885009065955799 0.00709076780365086 0.0251070586491221 0.00709348293447476 0.0124834445054794 0.00774177108662435 0.00880281686894878 0.008796708807382 0.00800571586047045 0.00971279887383157 0.00710499458072693 0.00804746902481038 -1 -0 -1 -0 
0.559174 0.0788921659269863 0.00764033572958346 0.0177315575872923 0.00503935197535495 0.00621953410649602 0.00411288639434888 0.00367106167658724 0.00428702664171147 0.00339658630331652 0.00511689636113044 0.00256482245789789 0.0033317620365506 0.000808882358599797 0.000561932697677761 -1 -0 
0.653891 0.0660222642356304 0.0061263453118475 0.0118997256450468 0.00429985430241517 0.00384869467972804 0.00320562984567182 0.002217110576941 0.0030263941433795 0.00165577949813909 0.00337377177233185 0.000193972981704836 0.000178112345744143 0.000416223118093002 0.000427074881211761 -1 -0 
0.764653 0.056517646801984 0.00623804873985633 0.00874713830385546 0.00454991250446184 0.00331274982612029 0.00439326016414418 0.00373981672071928 0.00592506705068548 0.00366867168319059 0.00659849624731227 0.00231258598802559 0.00448029483240624 0.000238179610693614 0.000341276904932828 -1 -0 
0.894176 0.0502467876764449 0.00574021287850124 0.0062213021440465 0.00434113653896522 0.00408239242165401 0.00559486942709172 0.00453154165377921 0.00630931021482701 0.00274251249226496 0.00480690130731483 0.000866967182540231 0.00169372210112753 0.000177938160061081 0.000232821460261038 -1 -0 
1.04564 0.0386828236688087 0.00537421710352338 0.00314258287978257 0.00198727103459041 0.00103976482592045 0.000855719714660882 0.000432956681702744 0.000404571509239073 9.34018806156392e-05 0.00010288545280371 9.38086847649138e-05 0.000102811895740583 7.99511963337215e-05 0.000111964425476933 -1 -0 
1.22276 0.0321958602435624 0.00562404444848074 0.00224735732777054 0.00152412441612248 0.000660232494201014 0.000646426752418875 0.000224443428374592 0.00032780650737399 4.86885563787231e-05 3.77885560745103e-05 6.54184695577367e-05 9.0943071704467e-05 4.54115780297488e-05 5.95884359741575e-05 -1 -0 
1.42988 0.024334677275582 0.00452422430270445 0.00105997243672957 0.00098682506945229 0.000297231431703947 0.000310412899414126 7.80766470336051e-05 7.22637537974937e-05 3.83855446962602e-05 3.51303498829755e-05 2.49659390722361e-05 2.77592983294407e-05 1.10680534142897e-05 1.74670700107045e-05 -1 -0 
1.67209 0.0194376051410059 0.00414410652412752 0.000862865398927614 0.000734436429731058 6.59542987831072e-05 5.45280130262686e-05 3.22223462942863e-05 3.01156599164369e-05 2.85296481369596e-05 2.71802510697572e-05 1.62885193769812e-05 1.91920260800953e-05 9.70897541850604e-06 1.28928508435602e-05 -1 -0 
1.95532 0.0156412238643696 0.003747428439554 0.000748672192603281 0.000854461223236832 0.000228411506152739 0.00038371335437604 3.61017001945155e-05 4.57015300551359e-05 1.19518942735329e-05 1.29279056795187e-05 5.0200601973348e-06 6.85326809991909e-06 3.00363921511112e-06 3.6353905944493e-06 -1 -0 
2.28653 0.0140518748383345 0.0037477928856835 0.000544103063012879 0.000401155481297788 5.63775182711446e-05 8.17947057591224e-05 2.12400276294773e-05 1.7166427404287e-05 1.76471379036091e-05 1.68258878914322e-05 8.42391665626054e-06 8.36715565511669e-06 1.88897614419612e-06 4.0878741295282e-06 -1 -0 
2.67384 0.00980296854180951 0.00312879770233226 0.000425132071852055 0.000448887246579233 4.49268943055445e-05 4.63688513604986e-05 1.58189132455826e-05 1.95162123476695e-05 4.50227527937875e-06 3.66522530027603e-06 1.44121770445719e-06 1.94060084823426e-06 1.26524131837053e-06 1.90062968577134e-06 -1 -0 
3.12675 0.00710875929613397 0.0031361232378726 0.000254919952265144 0.000169587735991924 6.17912285304724e-06 6.21575911096916e-06 1.16734481122744e-05 1.74286179473255e-05 3.4977047147384e-06 5.42858998756725e-06 1.15122446096222e-06 1.50196920935387e-06 2.63459779001889e-07 4.15567551170937e-07 -1 -0 
3.65639 0.00514877691782663 0.00280597779464498 0.000147853005216463 0.000129938177705094 1.16203243177224e-05 1.74860374781067e-05 3.92427721737904e-06 5.47017482888497e-06 2.21095290398724e-06 3.97504884555886e-06 4.93077634797858e-07 7.9750367178001e-07 1.03417371992055e-07 1.54070697736672e-07 -1 -0 
4.27574 0.00440447090440035 0.00236534068020075 0.000225208940558326 0.000249331280274759 4.37870961303164e-06 7.58695257840649e-07 5.46915846829773e-06 7.74379872281902e-06 1.40035497256443e-06 2.3168726498829e-06 7.10677034634125e-07 1.81853621927753e-06 2.9547332476773e-07 6.31600623047751e-07 -1 -0 
