0.1 1 0 5.10272299988346 0.724906123953038 65.8163133634019 30.4677523181756 1414.34871111304 1203.3882512048 39365.6852244347 47527.8478319049 1249325.17469649 1874371.79462633 42289334.0106282 73365004.4852029 1995872916.44866 1645739082.1223 
0.116939 1 0 4.66159736685829 0.535112966931292 50.3878794427342 16.6693753449042 830.919181656093 473.445280338145 16487.8817622179 13308.6587377738 355720.258416427 372297.74145877 7917944.22378725 10291070.3541689 -1 -0 
0.136747 1 0 4.33216001708701 0.556237203095377 45.3971092767377 18.9046981866336 773.477374750712 592.103450062274 16542.552553646 18539.2388602343 397174.832124756 578148.440733445 10109130.0597066 17751238.54253 -1 -0 
0.15991 1 0 3.81386300777111 0.491016508103869 31.2800191302042 13.2189884800996 413.641101870353 342.725037455711 6918.02015824128 9363.69635740359 138938.771021094 270709.958487764 2868259.01249564 7784060.53832817 -1 -0 
0.186997 1 0 4.50587718665665 0.660121954315086 46.7089374659879 18.0935004398536 731.186079194719 483.37074269534 13555.4407036842 13157.1465375578 273353.004578213 356610.767550861 5880039.1927041 9572336.59312243 -1 -0 
0.218672 1 0 4.2496536748597 0.61293983580981 41.0232024587695 16.2983838213241 605.521112949459 406.323068379995 10662.054477964 10213.9868061859 217595.771054956 257798.067988351 4765323.05009876 6490948.26165782 -1 -0 
0.255713 1 0 4.00117794816396 0.586606438464629 36.5247892888943 15.7462352813958 519.668406121102 371.546910526446 9060.90287556352 8272.6043995875 170636.033943187 176121.030233278 3355872.63762074 3463092.31407627 -1 -0 
0.299028 1 0 3.78553025130564 0.581957124260371 31.4814844632766 12.5655585554576 384.877502529374 241.73918501462 5599.53317215951 4389.77409361649 90181.6046249809 74340.1816695588 1272239.92344637 1139202.25559153 -1 -0 
0.34968 1 0 3.41231308611259 0.613573209262198 23.813490755345 13.2734084162066 260.337396447557 249.68603315266 4173.4157547951 4719.16927190579 85615.2479581269 85569.6211818961 887289.99941251 1267341.67257078 -1 -0 
0.408911 1 0 3.43354109812338 0.708605533308253 25.9110540827731 14.9378139829745 308.062599738737 266.517772278718 4085.89465345831 4888.18488404522 77042.799717263 100756.394793941 1256699.94787183 2068149.1697713 -1 -0 
0.478176 1 0 3.39351407566554 0.808965686795083 25.0174935375372 17.7171807785902 329.980894738914 344.258187859648 5751.56532033919 6682.46413390295 117443.46996261 117134.630183369 1121080.64089312 1398802.77502583 -1 -0 
0.559174 1 0 3.11410168143263 0.840256453785959 21.8801740703169 14.8521372384902 268.345144993614 266.726491263585 4458.12431594367 5566.38009030364 57287.1861775255 108644.492838525 502926.200618973 1311249.35979967 -1 -0 
0.653891 1 0 2.89503970010007 0.920856195865343 20.1257530468777 15.562699184414 247.525601353039 304.52966895636 5817.98165722257 5835.97873443607 66077.4625135602 77185.5416854048 88739.4318263496 62486.5771015231 -1 -0 
0.764653 1 0 2.84476359199245 0.882230561378656 20.8009977821214 14.1629029756096 231.092892765703 246.936469326402 3238.65448198257 3743.11868925307 18131.3232287953 20944.1896435697 197634.080484605 101833.78529561 -1 -0 
0.894176 1 0 2.441860519645 1.24018902399706 26.3483139673275 19.8917697981106 320.271515118213 354.465347909587 3231.63518268811 4596.98930801993 17602.5341976218 18244.4476223588 270065.44304175 207108.869406122 -1 -0 
1.04564 1 0 2.70270221965544 1.18499421376292 20.2015496667364 15.5766546102567 230.162280881135 249.465545350759 2680.96290030304 2668.60317325634 37478.8260468571 30655.2542983232 428064.872040071 316648.38921344 -1 -0 
1.22276 1 0 2.75642250963765 2.00914210426813 34.714327375528 31.5156505255265 365.849860189786 637.04175298878 3203.22168998648 4357.62778171567 47195.7953340818 54000.8593906098 1029778.90910269 1360687.53377265 -1 -0 
1.42988 1 0 3.26200627755027 1.55491578703205 34.9922686481971 30.8488334788092 535.546233400051 493.322176940537 6300.42689752638 5362.76651825064 130248.225415995 86856.6189149587 3384307.14817861 3188399.561034 -1 -0 
1.67209 1 0 3.34047611163288 2.43240055999918 43.9464518843852 36.9903971172529 394.53309442006 550.083751554671 8525.54950447681 9236.86549916211 231385.929220071 178859.545732657 6058006.55865559 8486644.26113657 -1 -0 
1.95532 1 0 3.15974863908093 2.22893573857393 35.4789575409318 34.8972791385761 511.394745457355 401.881085604239 14503.4010442961 9404.06912279222 469150.154670747 530155.802005687 14790050.2439993 15209405.4153165 -1 -0 
2.28653 1 0 4.41901042052337 3.29272650547236 70.4199623922465 67.1542491378236 962.176740695108 583.16377969959 36037.1297272459 60643.8292831707 1143405.18403348 1665454.38077675 68855648.3591962 138126342.453399 -1 -0 
2.67384 1 0 5.25459956232728 4.2990250286217 51.7079059263676 90.5048301943486 4142.43025437518 6387.29971847568 93848.2840365456 107560.767872719 2322243.64980855 3469031.73335322 278785056.149455 542190914.537703 -1 -0 
3.12675 1 0 6.09906529276716 5.15488878187314 78.298524241029 113.553298679753 6701.94129723102 9487.95711415751 154430.259989893 198981.719659841 4673484.67355597 6166344.31511092 1121208225.49541 2994112284.55781 -1 -0 
3.65639 1 0 7.68218909907061 5.89028553503091 104.419110327441 63.7477224270123 17553.257208728 24456.9153320063 999233.058647685 1995833.67058342 334810127.137623 1505907381.67577 42672800310.5235 199449601779.627 -1 -0 
4.27574 1 0 13.721507017471 8.22120188959991 20.5801561105175 -nan 187967.337467578 619310.978669707 235361421.887118 1237822094.29887 37898987819.6158 178238692835.306 3339169062608.59 16568508065671 -1 -0 
