0.1 0.291695408637214 0.0111154025868613 0.437849551906295 0.0895121413779377 1.69019624679098 0.930457205691669 11.0224444122688 10.4918690997284 93.5963178590946 121.68153205543 905.733196314965 1419.92392808315 9322.31759589548 16474.225978828 110326.266173136 81524.7886094768 
0.116939 0.267739330664227 0.0114541149134057 0.337067060166054 0.0645340219008382 0.998239834488061 0.453108625653459 4.55968006732323 3.47744188178161 25.2896562702293 27.8166290245858 153.988234244345 227.474575593033 978.47571295751 1871.05181289044 -1 -0 
0.136747 0.234393965200953 0.00812469631379191 0.23966303647384 0.0446050132046622 0.602139652922753 0.302483550609903 2.49231001862029 2.18651995675805 13.0583572336754 16.3697486249649 77.1961933072746 123.847659069181 485.036018600093 929.782741689307 -1 -0 
0.15991 0.228105412699379 0.0105176627834256 0.200443018142574 0.0406994352858343 0.385633967663201 0.194155743341644 1.20532977737559 1.04544330370902 4.74523330395748 6.08675407046772 22.1838517592013 37.7487257882475 104.750620909712 234.824457408367 -1 -0 
0.186997 0.168833709750415 0.00877578830639712 0.130141800589689 0.0298898258690089 0.234268889514749 0.113907457592913 0.638343060703688 0.485978574188957 2.05501561219406 2.18907335214109 7.16686214397035 9.98800678861564 26.4767364906341 45.5000011254288 -1 -0 
0.218672 0.152342258036364 0.00917616158204079 0.10013315669764 0.0240135512972041 0.15221626313083 0.076238330838844 0.354636670649885 0.270101028114425 0.982454031919696 1.01224499019746 3.14553469168166 3.90523514799051 10.7802079627475 15.1835402594067 -1 -0 
0.255713 0.136475644668601 0.0070112450241153 0.0753888580870637 0.0173334465111094 0.0967324240890463 0.053094291091461 0.195178691698988 0.168564394321985 0.484065039854448 0.52504155909904 1.29695474538141 1.57520459729445 3.61799033699683 4.35154477495149 -1 -0 
0.299028 0.122026899524809 0.00755724008975176 0.0572984936993866 0.014776026142222 0.0605863477314517 0.0334520256381904 0.09551599451571 0.0785968647199072 0.180716495950238 0.181669577206716 0.37916374497153 0.398869404705395 0.685666741841804 0.772812706088915 -1 -0 
0.34968 0.0999097462304008 0.00574880816853804 0.0345248251292511 0.00868808773499346 0.0248189786528399 0.0152432657322552 0.0279215974980848 0.0279279394755622 0.0459639010730928 0.053613878042443 0.0975602329683523 0.100213408227172 0.102731928270521 0.162571664569166 -1 -0 
0.408911 0.0899918670981249 0.00661201783432143 0.0282213774397353 0.00809016788938336 0.0195432614331356 0.0126611488101548 0.0210888341614329 0.0191586660381179 0.0247547209503334 0.0283965309417973 0.0388132053898724 0.0404179871385247 0.0435041862227763 0.0485016885646648 -1 -0 
0.478176 0.0828203448298375 0.00660397940699558 0.0237521872499442 0.00784556455852604 0.0152118645589749 0.0123588554281121 0.0173968019473689 0.0201183317533448 0.025906610868911 0.0326222578530098 0.044696579204336 0.0427534753217648 0.0269330466084821 0.0259975955191084 -1 -0 
0.559174 0.0689758887478195 0.00645883660211366 0.0151041733514992 0.00543583543122538 0.00752275591950254 0.00553108434657798 0.00637990031019759 0.00626747420509466 0.0071574402857127 0.00812587920379627 0.00596597701258358 0.00956769955707146 0.00269902219016991 0.00658779019598082 -1 -0 
0.653891 0.0611994442202883 0.00560275472907715 0.0111708320248368 0.00446416782595695 0.0048915309540754 0.00383370880551659 0.00361327755480681 0.00431967525919044 0.00503475208993344 0.00515749084630594 0.00362112890561535 0.00429391176570505 0.00025555498413241 0.000236095405925873 -1 -0 
0.764653 0.0524449555209422 0.00718596096196775 0.00810432063449366 0.00350274968104178 0.00314550508741491 0.00243032617648035 0.00176791399958638 0.0023120145575007 0.00130566303509096 0.00210493634490448 0.00045566251515326 0.000778454284815694 0.000155874690385599 9.26201762546162e-05 -1 -0 
0.894176 0.04479694445218 0.00623033786623127 0.00529104727777819 0.003744024148171 0.00269594690627177 0.00235767483908291 0.00139338995239202 0.00161986630375038 0.000598261686810614 0.000873652147081607 0.000140214240025547 0.000131734721217463 7.89949569568087e-05 6.70447950925626e-05 -1 -0 
1.04564 0.0391614461449949 0.0068051317807771 0.00444575287869014 0.00258025986037224 0.00134359250696899 0.00108704222097382 0.00052554952725476 0.000566593776669421 0.000177634055929646 0.000232369708566957 9.92470059886847e-05 9.86653888102516e-05 8.77108713900266e-05 0.00011943540108942 -1 -0 
1.22276 0.0317891702899744 0.00544128235144719 0.00301818894396923 0.00237440769580834 0.0012102653361425 0.00082553882162499 0.00028347131426353 0.000291035315803389 5.99777665959494e-05 6.94505404779668e-05 3.56031080096834e-05 4.02347012229966e-05 2.36296307181218e-05 2.76744862132902e-05 -1 -0 
1.42988 0.0235655432360751 0.00483373185726979 0.00200906013842281 0.00140667450824226 0.000489960601447022 0.000423260332496077 0.000150230132032792 0.000125066793803683 2.30667995418334e-05 1.9455078459685e-05 2.03720354017351e-05 1.76377304289717e-05 1.70947965225197e-05 2.79271116031392e-05 -1 -0 
1.67209 0.0190322889709381 0.00477939820318382 0.00148103771178492 0.00129716029334825 0.000420992486035095 0.000313911096132097 4.62046617771475e-05 5.91963391638729e-05 8.50165857855903e-06 8.50859766495111e-06 1.03848814804643e-05 1.49930074465643e-05 6.98936461968117e-06 9.51227980862198e-06 -1 -0 
1.95532 0.0153643285969314 0.00447194722927376 0.000811258847043254 0.000712744558790273 0.000138554661794125 0.000171704442871168 2.77384113277329e-05 3.08297209786467e-05 1.02731952232881e-05 1.25516366059238e-05 8.86928654298037e-06 1.40019888408444e-05 5.42777476307897e-06 9.31493416482436e-06 -1 -0 
2.28653 0.0134578249049355 0.00436059169025609 0.000840149653262634 0.000753365569407021 0.000233260477180158 0.000307015913574662 2.29530154446553e-05 2.25096678018708e-05 1.1510894510475e-05 1.75027021481475e-05 5.87120564737265e-06 8.82783698561948e-06 3.82495501438851e-06 5.78742299663041e-06 -1 -0 
2.67384 0.00928379611830329 0.00359456706088647 0.00052017288166934 0.00052973075529629 2.7338860116943e-05 2.79908820488388e-05 1.26756433654354e-05 1.47912555966343e-05 4.18645505605138e-06 4.85997744263759e-06 1.65498452415749e-06 2.04811227774741e-06 1.94956837349912e-06 4.92514990199137e-06 -1 -0 
3.12675 0.00680895571461051 0.00239741719593716 0.000264164474739061 0.000217563594947444 1.19509819575702e-05 1.51326925433298e-05 5.66275978054645e-06 8.2268864618915e-06 1.62782932300479e-06 1.39104643649227e-06 7.24001487670836e-07 7.78384275928707e-07 3.01599421319653e-07 4.72083213651352e-07 -1 -0 
3.65639 0.00372702139639012 0.0019795777154678 0.000142852149504526 0.000197151369811785 9.27159022781264e-06 1.05568977856761e-05 1.89262240208589e-06 2.92873208785584e-06 4.56389777412753e-07 1.14723674045115e-06 3.55859813033066e-07 1.34757088427753e-06 1.29183530172906e-07 4.06466332307152e-07 -1 -0 
4.27574 0.0027630360267448 0.00178975069166652 0.000112509517119939 0.000164816404071902 5.91419904745263e-06 -nan 2.21372378748192e-06 3.11535184548491e-06 3.2309324005246e-07 5.01084302048881e-07 1.9083532834765e-07 3.92654719223228e-07 7.01721787150504e-08 2.5416067627383e-07 -1 -0 
