0.1 1 0 4.52739486341 0.266871287456659 41.2285943567316 7.26486070748972 530.642474665951 182.100997977592 8133.58000425694 4537.78013989729 136198.2314 113034.670608624 2354608.56053717 2786581.74783698 -1 -0 
0.116939 1 0 4.17554917361707 0.380754243371858 34.8490941146636 9.39958292649349 419.314079001773 203.571539749513 6073.88271487567 4405.05592895652 96275.1915422783 96615.8825222206 1703589.99005838 2155520.37915436 -1 -0 
0.136747 1 0 4.02805146967996 0.269197282806136 31.3788646075222 6.18488584008272 341.989457196358 132.115788681696 4375.08778837626 2762.43490960747 59950.5439087665 56224.1891728347 933838.629180785 1117469.5842504 -1 -0 
0.15991 1 0 3.46978968458463 0.209820578917552 20.7406757621196 3.57405118376927 166.792188451567 52.7712645863192 1500.45017738316 754.768199888192 14682.2695915084 9723.35328062882 134847.057507407 132766.548509833 -1 -0 
0.186997 1 0 4.11405186372601 0.414649456239887 32.6900193642378 9.48618278581853 365.926603827567 195.256249572105 4811.40221459019 3901.50128463528 70168.203806661 74984.0930511776 1175497.57261182 1396973.28721074 -1 -0 
0.218672 1 0 3.80668927581217 0.332368122328428 26.6758153657003 6.8597542975283 253.506006878449 127.266431552886 2775.45551606444 2216.19229069296 42358.1896019078 34640.8777403381 666933.053854549 451739.121440355 -1 -0 
0.255713 1 0 3.76287039637663 0.503219321022325 26.4658673496264 9.86792433365821 251.781887686766 166.086775611062 2864.6824272919 2553.67975564933 41165.5859199871 35813.3229968585 397486.966004473 516973.291686204 -1 -0 
0.299028 1 0 3.43027984893528 0.411383194725015 21.6770393656127 8.32162771000554 197.051233936286 142.690189504165 2408.27702483517 2287.3697704009 33790.1625532898 35503.4413704321 559696.653507799 455449.276635914 -1 -0 
0.34968 1 0 3.43726358948136 0.425861117046029 21.051933442186 8.07173636192923 159.860688149673 134.962556781878 1895.19765471974 2140.19858746575 31123.5624556078 31379.4441356272 233494.363550107 338709.509657967 -1 -0 
0.408911 1 0 3.23467242818402 0.612807577303377 18.9715313759935 11.3382674424772 198.639438324763 173.090221438187 2708.04451017305 2639.38710767872 32658.4428076862 35735.524178177 236314.715181316 322356.524511589 -1 -0 
0.478176 1 0 3.14547785439173 0.51503303163578 16.8981719890076 8.20362254011172 126.463209718742 110.10019035567 1211.84592216786 1393.28034212648 12185.3325218215 13730.4705283818 -1 -0 -1 -0 
0.559174 1 0 2.80366963204456 0.459889578396914 12.0281296490015 6.15427637158755 85.7975289318071 75.6649616056025 859.597069697817 946.100868994611 6531.2993158331 5818.27037983112 59467.8541125737 42419.4941479909 -1 -0 
0.653891 1 0 2.67184609686679 0.684543508579197 12.3050244001545 8.43296834030651 100.017276303364 106.175435490958 979.295126285521 1530.14970681795 2396.2712742446 2172.87542845027 85294.1736301934 76345.744691458 -1 -0 
0.764653 1 0 2.59659980066567 1.01947160275102 15.1974897773534 17.3741019803177 263.006282997474 384.663062669138 4109.53201141034 7403.82060583356 44828.6019081852 94654.9508311899 118694.28512373 77082.4393770848 -1 -0 
0.894176 1 0 2.34347737218002 1.34617299808203 25.1263972295427 30.6477334443943 469.48870861953 634.978419068245 5114.60416342024 8955.10992897213 34246.7335128312 60553.8930080875 197405.989904467 212103.945715369 -1 -0 
1.04564 1 0 1.99989611620576 1.12259571939359 18.2268357523031 16.3834979417873 212.144248116084 187.53543302442 1327.54257900272 1215.05690530285 23692.4711251723 17497.5128146273 452935.789087484 532905.480579227 -1 -0 
1.22276 1 0 1.92432049596756 0.936942360670818 14.5184847571627 11.5284735513322 130.390968193576 132.569412847841 1623.55475441769 1391.23441917069 45728.4867091741 28923.7651828613 966424.449574351 814968.693455047 -1 -0 
1.42988 1 0 1.78869340387655 1.29939641045297 15.6237613718601 7.0732597346977 187.231057719395 142.549276673414 3660.03168349852 2781.12260601177 94664.7823595705 61021.0524327911 2049449.68747867 2008915.02825581 -1 -0 
1.67209 1 0 2.19003230910068 1.50792338713931 13.6319895626726 14.7186619750296 307.878369096056 315.516999619294 8560.62837942952 5635.87072397164 244246.760348482 304772.121512032 6277636.99340688 7234287.21498868 -1 -0 
1.95532 1 0 2.60303125459401 2.11371745740223 30.5062871416771 30.9155754497828 527.308490371248 607.789265968461 15057.8746662646 11458.9534093816 346013.350256759 270488.274495942 14706583.5015675 15808172.6309556 -1 -0 
2.28653 1 0 2.9400079950294 2.03825575462313 25.5324588883007 30.8586332136618 783.108909708922 891.798236457177 20600.9364743139 20619.2618007139 923607.545257906 980390.262343706 51764645.6991542 65891301.3856829 -1 -0 
2.67384 1 0 4.08740404497764 3.02211443203277 55.6966933741608 46.6300947660089 1648.26243881354 1172.98134330705 56078.5430142312 51817.5840476908 4652578.8368381 9826986.11547613 355252759.369686 1001664536.57505 -1 -0 
3.12675 1 0 5.89672053616602 4.61286070714021 56.903373883594 41.1910842601136 5915.3989483657 8488.0886726913 198388.286700048 536660.125434668 11731637.0635337 16507979.5483103 1270529948.82044 2012094430.26109 -1 -0 
3.65639 1 0 5.67902256773201 5.05246375900338 248.204856618791 247.458826347066 11789.4468254859 14260.7173558924 575659.330258924 875602.626769775 61947189.0553153 119118963.649793 8247614144.43358 20409878633.9111 -1 -0 
4.27574 1 0 10.9019311193401 8.72776899050755 18.158609501546 3.371654324541 108152.739929602 341793.05155997 1446028.23187185 3827933.41447699 925761939.229872 3870921883.78814 808008506896.587 3660271909516 -1 -0 
