0.1 0.277811903184185 0.0101834864873712 0.348030709710526 0.0608492774014044 0.9723640644247 0.514181209627569 4.57190546451732 4.73283071092678 29.5304164893296 45.0051861126238 226.186382289143 436.114624145402 1953.35351455219 4336.92052340799 -1 -0 
0.116939 0.251322171336957 0.00761612781455627 0.255901347798116 0.030820120739311 0.528254127679864 0.162553620066407 1.64377005971673 0.920991621371468 6.33778041891882 5.2860425647309 27.19544843598 29.9376362554435 125.831315610575 165.20341124062 -1 -0 
0.136747 0.225714389388696 0.00759033265393796 0.202804550565021 0.028865070814235 0.392121992804567 0.17726517722894 1.27412895259735 1.1850490424105 5.64989883954597 7.99880130938764 30.2794589513164 54.0158276847524 210.676858465058 384.749342223889 -1 -0 
0.15991 0.217296587612007 0.00649239538792484 0.162895704690912 0.0219299514923153 0.224849219783998 0.0955656670020644 0.503592768584279 0.446794649628979 1.58352346805383 2.17003238432875 6.7852895309296 11.2156705578039 34.1391398083222 59.900762830515 -1 -0 
0.186997 0.160952947937189 0.00674016194858932 0.108835448366234 0.0180303974340323 0.15113840955225 0.0595689486457217 0.316269851331755 0.21858560284088 0.805696943038003 0.833901846190543 2.57261916087962 3.2891568354092 7.89737819510874 12.8329620807403 -1 -0 
0.218672 0.142866153799084 0.00694888307729048 0.0809297815514257 0.016281043410582 0.0923577009100066 0.045875804696016 0.162595901554483 0.139405233949431 0.368724346074799 0.431493405004241 0.98766197113448 1.34511549091506 3.20304776567346 4.25518375862386 -1 -0 
0.255713 0.12722724549933 0.00623109685359594 0.0560543859439837 0.00962790619391151 0.0439994851785484 0.017323986776205 0.0481556344623129 0.039702782463185 0.0635280727260889 0.10866000327562 0.117776605820911 0.357329210209017 0.738631058005187 1.72919520650355 -1 -0 
0.299028 0.116639650223103 0.00684625369792171 0.0459918101993087 0.00953650132643175 0.0324011819565658 0.0167368685780226 0.0354159528398323 0.0322680222159087 0.0554353670795537 0.0685596511735336 0.121721336867875 0.169279888784545 0.271596093478805 0.456623583768298 -1 -0 
0.34968 0.0975307615446488 0.00642806245099244 0.0345271996475442 0.00774132795123664 0.0218039096639938 0.0129796660358936 0.0216517729763992 0.0241753143295454 0.03378151657664 0.0489659473292166 0.0714612290453967 0.106234490723701 0.155348916457835 0.181921090390559 -1 -0 
0.408911 0.0852386650408899 0.00532487397186847 0.0236377398705044 0.0056274646649342 0.0119132054111458 0.00739217570276632 0.00967395134347526 0.0101922767843918 0.0136712956955032 0.0161642799197097 0.0169544753268491 0.0266521693296236 0.0231153956516065 0.0393537800973392 -1 -0 
0.478176 0.077053205324994 0.00541958648750682 0.0193699076145012 0.00538226429670685 0.00860350094811595 0.00684315454133663 0.00768824264182515 0.00876384592019607 0.00836949449891837 0.0113567699533415 0.00856249015876598 0.0129984752613819 0.00814798717390065 0.0145054309751641 -1 -0 
0.559174 0.0711740027893543 0.00618140348476386 0.014832536126467 0.00548808786112278 0.00592419039024719 0.00438364362328848 0.00452361084386799 0.00439407736843579 0.00347901891111049 0.00444519986480757 0.00195957529472292 0.00320724347331227 0.000892156912554746 0.000913655801049127 -1 -0 
0.653891 0.0597170293917014 0.00623809409371358 0.0110451485425034 0.00462958348244776 0.00363616236123895 0.00341010045257118 0.00278171734394223 0.00238249532288026 0.00212289952398595 0.00184171206677377 0.00066182923975788 0.000819422570097366 0.000283435956721402 0.000228207870254244 -1 -0 
0.764653 0.0482043278834814 0.0039074469161618 0.00572332656987179 0.00280183639133907 0.00135509215594929 0.00125370608091786 0.000857342916775295 0.000797664373267684 0.000256445211953363 0.00030248378200817 0.000128327350861815 7.08353384295318e-05 0.000200666653634079 0.000174737752345182 -1 -0 
0.894176 0.04306433596885 0.0053715120346696 0.00462672160437844 0.00261812961902369 0.00103301752957192 0.00194235898692668 0.00127796849512069 0.00214736080192837 0.000374560183596918 0.000582024589140188 0.000116426077729084 8.86985205004101e-05 0.000102416486104671 0.000120281569426546 -1 -0 
1.04564 0.0347968607301789 0.00439892972087292 0.00299502589152809 0.00191885064075384 0.000994063865261801 0.00102816048728808 0.000487569815055056 0.000828086669963451 0.000165567816834438 0.000346649838772416 5.12344380986418e-05 4.2420162204449e-05 5.87630666335321e-05 7.31253625166961e-05 -1 -0 
1.22276 0.0271073549677505 0.00415567968428144 0.00175175987208042 0.00137582130109471 0.000537607380856067 0.000632781861913223 0.000128078564559191 0.000190716753456203 4.81295886533009e-05 4.02570054231862e-05 2.89693007744676e-05 2.45100594688976e-05 1.53020175913167e-05 1.60592596121881e-05 -1 -0 
1.42988 0.020014238253843 0.00418358916345189 0.00113769377693999 0.00112389539295508 0.000361605293608329 0.000336382783461088 3.7822721446606e-05 2.71868209593636e-05 1.36850359807667e-05 1.08885524037438e-05 1.21143040755868e-05 1.56995117484765e-05 6.24220880747105e-06 8.18761847296956e-06 -1 -0 
1.67209 0.0137551981522643 0.00343346606231945 0.000617928626777243 0.000448460584478786 0.000113253410618495 7.64331242187856e-05 1.67715379563424e-05 1.67984130878678e-05 6.5246639541442e-06 7.11856544357691e-06 2.91952965354886e-06 3.47423429560809e-06 1.72861101403928e-06 2.49589311857195e-06 -1 -0 
1.95532 0.011797158901971 0.00365804634343778 0.000760363663653749 0.000641453192677891 0.000162223544209613 0.00021708938779144 1.75539675681757e-05 3.85499183067272e-05 6.12380629067887e-06 7.61660947434422e-06 2.3734530153846e-06 2.9745729971506e-06 1.43468304749431e-06 2.1248635175646e-06 -1 -0 
2.28653 0.0102140890401344 0.0026360202257241 0.000478680042098957 0.000426704039360302 7.12992511795886e-05 6.27046566380739e-05 1.40357948794175e-05 1.49617064124615e-05 5.37186843403943e-06 5.89883016607338e-06 2.39776218793641e-06 2.30765484242098e-06 1.42751118578246e-06 2.28044275026851e-06 -1 -0 
2.67384 0.00841313434828058 0.00266609443849648 0.000275615130662815 0.000204988557784143 3.20922728073618e-05 1.64099611113171e-05 1.11629632598696e-05 1.04481575698287e-05 3.12597877533617e-06 4.25771452227061e-06 1.29335892237189e-06 2.22594583708305e-06 3.08771978084837e-07 4.74420348100047e-07 -1 -0 
3.12675 0.0048202368187026 0.00190168396942213 0.000155627430013704 0.000139005164023572 7.90930105080678e-06 1.00757830258528e-05 3.52896579719924e-06 5.20035330356068e-06 9.99644188845383e-07 1.24413040744119e-06 2.47999809273466e-07 3.09586635413324e-07 7.97974544700205e-08 1.21602686253756e-07 -1 -0 
3.65639 0.00318224309629752 0.00150026338555348 0.000127970939947166 0.00010474085863961 4.66588409552411e-06 7.1850921112732e-06 1.3086316286272e-06 1.35144069621227e-06 4.75372259143342e-07 7.76362198247946e-07 1.69933716033208e-07 2.67551316044809e-07 2.84638983130859e-08 4.30877241913956e-08 -1 -0 
4.27574 0.00242742613130929 0.00152836137188889 0.00010390687862394 0.000113865981791369 2.5909257910353e-06 2.65184323994777e-06 1.15899693099223e-06 1.52349481254048e-06 2.57063795138134e-07 5.3006921463712e-07 1.04802504832175e-07 2.4667605746477e-07 3.31320389453863e-08 8.11570310738158e-08 -1 -0 
