0.1 1 0 4.64134 0.259576 46.6528 10.8021 742.933 384.846 15905.8 13549.7 414610 481997 1.2342e+07 1.72709e+07 1.99587e+09 -nan 
0.116939 1 0 4.23494 0.249335 37.0818 7.68071 487.346 197.563 7920.55 4901.04 144053 120394 2.82028e+06 2.88674e+06 -nan -0 
0.136747 1 0 4.05851 0.154806 34.4944 6.26409 463.484 184.436 8173.09 5138.14 171720 142840 4.30846e+06 4.07497e+06 -nan -0 
0.15991 1 0 3.5926 0.157734 24.3297 4.399 256.176 99.7821 3556.98 2167.12 62855.5 49131.5 1.37031e+06 1.08868e+06 -nan -0 
0.186997 1 0 4.19825 0.175268 35.3235 6.61412 441.092 170.013 6861.09 3930.68 126669 88097.9 2.78216e+06 1.85261e+06 -nan -0 
0.218672 1 0 3.97429 0.165756 31.4062 5.67962 370.57 140.61 5547.16 3154.89 106221 69274.9 2.5297e+06 1.68836e+06 -nan -0 
0.255713 1 0 3.73209 0.215919 26.9059 5.81424 290.911 133.401 4382.9 3001.55 87117.8 65687.8 1.99149e+06 1.65756e+06 -nan -0 
0.299028 1 0 3.48865 0.170168 22.6807 5.00404 222.583 93.4724 3198.8 1547.99 65854.8 39471.6 1.46466e+06 1.32807e+06 -nan -0 
0.34968 1 0 3.53658 0.109901 22.6518 1.00214 210.123 39.4246 3342.55 1267.9 73519.8 38565 1.73035e+06 1.9307e+06 -nan -0 
0.408911 1 0 3.28235 0.108667 19.2417 3.93713 184.219 76.8366 2645.04 921.45 41012.9 20355.9 482683 465665 -nan -0 
0.478176 1 0 3.19569 0.135704 17.6619 4.45923 178.551 92.2253 2690.01 1893.74 70702.2 70363.9 573734 485387 -nan -0 
0.559174 1 0 2.93742 0.18115 14.7912 4.25755 173.97 77.6652 3296.45 3141.49 65163.9 99641.6 298308 301688 -nan -0 
0.653891 1 0 2.81792 0.179341 14.415 3.52758 153.324 57.7987 2605.2 1858.2 19670.8 26579.1 120384 32204.2 -nan -0 
0.764653 1 0 2.59576 0.248517 13.5901 4.57937 187.597 74.1153 2768.1 2062.97 21236.6 13863.3 219303 93094.9 -nan -0 
0.894176 1 0 2.40209 0.0402678 17.0292 8.27152 274.384 128.403 2376.96 1788.06 21445.5 7589.35 344642 110070 -nan -0 
1.04564 1 0 2.26117 0.278931 17.0863 3.53651 204.472 53.5725 1950.94 768.811 30375.7 7500.96 541178 154563 -nan -0 
1.22276 1 0 2.20622 0.423855 19.9872 9.72544 193.688 103.528 2347.94 690.014 56458 12816.2 1.25298e+06 286196 -nan -0 
1.42988 1 0 2.4872 0.537196 25.5816 10.6538 289.315 147.178 5604.5 1213.03 134760 37440.4 3.1091e+06 1.11318e+06 -nan -0 
1.67209 1 0 3.17532 0.60203 40.787 15.6661 510.58 170.3 10479.1 4004.78 352298 147996 9.65673e+06 3.47875e+06 -nan -0 
1.95532 1 0 3.5711 0.901953 47.873 17.6992 816.016 397.588 25598.6 11619.6 785363 443818 3.19964e+07 1.97995e+07 -nan -0 
2.28653 1 0 4.40183 0.891068 64.1604 22.3679 1096.11 297.929 41165.4 18244.3 1.42988e+06 455094 7.35362e+07 2.32497e+07 -nan -0 
2.67384 1 0 4.76879 0.834182 66.2627 13.5349 2951.57 1499.45 86991.3 31497.6 5.19942e+06 2.32764e+06 3.3017e+08 1.78954e+08 -nan -0 
3.12675 1 0 6.6835 1.59886 179.674 168.942 12085 6175.91 326548 160525 6.18465e+07 8.61873e+07 4.95553e+09 4.89677e+09 -nan -0 
3.65639 1 0 8.13465 2.73523 186.18 55.3226 24580.5 11653 1.32579e+06 666322 1.28806e+08 1.1655e+08 2.58628e+10 1.63455e+10 -nan -0 
4.27574 1 0 13.1762 1.67185 20.433 11.8332 1.08439e+06 1.368e+06 1.29868e+10 1.7772e+10 4.33241e+12 5.91621e+12 4.17728e+12 5.74717e+12 -nan -0 
