0.1 0.287558 0.00642704 0.38629 0.0334077 1.13815 0.310113 5.39354 3.16909 34.8516 33.3161 276.727 357.208 2512.98 3864.6 110326 -nan 
0.116939 0.260804 0.00622816 0.290014 0.0294393 0.675775 0.186262 2.39705 1.22998 10.6671 8.26505 53.9943 56.2878 299.01 381.625 -nan -0 
0.136747 0.236139 0.00748467 0.227569 0.016186 0.46145 0.0819957 1.47815 0.567957 6.19581 3.90922 30.849 26.8059 180.805 181.598 -nan -0 
0.15991 0.225814 0.00527843 0.184259 0.0138177 0.286642 0.0624369 0.699926 0.30806 2.26096 1.52463 9.26101 7.92449 46.2644 39.2753 -nan -0 
0.186997 0.168469 0.00474113 0.120226 0.0081265 0.174139 0.0352625 0.377333 0.149702 1.0228 0.592375 3.28261 2.2659 12.7532 8.37044 -nan -0 
0.218672 0.149502 0.00461093 0.0898072 0.00708727 0.109235 0.0247046 0.200843 0.0879028 0.46956 0.298516 1.40326 1.02057 5.12461 3.72191 -nan -0 
0.255713 0.136169 0.00580781 0.0700376 0.00880758 0.0708021 0.0195786 0.108618 0.0540941 0.232812 0.162156 0.653591 0.48203 2.05389 1.6442 -nan -0 
0.299028 0.121923 0.00346466 0.0524219 0.00427296 0.0428468 0.0109037 0.0539514 0.0249354 0.101384 0.0567474 0.27701 0.215621 0.815949 0.97411 -nan -0 
0.34968 0.101709 0.00353627 0.0369896 0.00236687 0.0247404 0.00183481 0.0241989 0.00396808 0.041726 0.0194873 0.100543 0.0750012 0.284123 0.417416 -nan -0 
0.408911 0.0905503 0.00345805 0.0273296 0.0023459 0.0150233 0.00333395 0.0136585 0.00581857 0.0182795 0.006512 0.025137 0.00957283 0.0225751 0.0145045 -nan -0 
0.478176 0.0820446 0.00423411 0.0218661 0.00243762 0.0103563 0.00335099 0.00884226 0.00505292 0.0109548 0.00866176 0.0225397 0.0233041 0.0107643 0.0111338 -nan -0 
0.559174 0.0733297 0.00394975 0.0160853 0.00117181 0.00604238 0.000969391 0.00538262 0.00178033 0.00832489 0.00901247 0.0139594 0.0244483 0.00396432 0.00546823 -nan -0 
0.653891 0.0620462 0.00253324 0.0111037 0.000526132 0.00371006 0.000760032 0.00249364 0.000731717 0.00262065 0.00137478 0.00103555 0.00146159 0.00040746 0.000137201 -nan -0 
0.764653 0.0522396 0.00315573 0.00735397 0.00117342 0.00220043 0.000950011 0.00175567 0.00122973 0.0015583 0.00150838 0.000720212 0.000901606 0.000225595 6.88254e-05 -nan -0 
0.894176 0.0453579 0.00284606 0.00519732 0.000626479 0.00199353 0.00137117 0.00171562 0.00161176 0.000808053 0.00109689 0.000271003 0.000333324 0.000136587 4.46914e-05 -nan -0 
1.04564 0.0375788 0.00227119 0.00337844 0.00061801 0.000975921 0.000274457 0.000414771 0.000114382 0.000134437 3.92152e-05 7.89577e-05 1.89042e-05 7.67395e-05 1.118e-05 -nan -0 
1.22276 0.0295768 0.00236825 0.00209838 0.000570786 0.000613531 0.000366546 0.000162863 8.72055e-05 5.02544e-05 7.55213e-06 4.14552e-05 1.42749e-05 2.73168e-05 1.1389e-05 -nan -0 
1.42988 0.0226026 0.00219093 0.00139656 0.000391635 0.000331368 0.000102991 7.22347e-05 4.67004e-05 2.36563e-05 9.31673e-06 1.84072e-05 5.76822e-06 1.09863e-05 4.53344e-06 -nan -0 
1.67209 0.0169474 0.00265798 0.000973473 0.000317401 0.000185219 0.000137987 2.8777e-05 1.24372e-05 1.19875e-05 9.36739e-06 8.90309e-06 5.68366e-06 6.55004e-06 3.23864e-06 -nan -0 
1.95532 0.013708 0.00196336 0.000728287 7.5624e-05 0.000150502 4.97465e-05 2.34649e-05 8.36788e-06 8.92467e-06 2.69574e-06 4.94002e-06 2.55245e-06 2.95109e-06 1.62128e-06 -nan -0 
2.28653 0.0120452 0.0017335 0.000658202 0.000146646 0.000118922 6.97103e-05 1.68233e-05 4.87285e-06 9.17386e-06 5.61177e-06 4.8537e-06 2.56512e-06 2.11485e-06 1.0613e-06 -nan -0 
2.67384 0.00876617 0.00100882 0.000414992 8.92485e-05 3.97465e-05 1.5982e-05 1.27414e-05 4.52519e-06 3.2951e-06 1.12851e-06 1.55155e-06 7.09125e-07 1.26058e-06 6.56632e-07 -nan -0 
3.12675 0.00565591 0.00123088 0.000227732 6.07151e-05 1.60132e-05 1.35391e-05 5.28755e-06 3.75955e-06 1.58215e-06 1.13035e-06 5.65823e-07 3.75327e-07 1.97951e-07 8.7967e-08 -nan -0 
3.65639 0.00393964 0.000726451 0.000168535 7.9058e-05 1.14467e-05 7.40318e-06 1.90403e-06 1.2278e-06 8.7707e-07 7.51169e-07 3.1261e-07 1.41137e-07 1.57712e-07 1.34905e-07 -nan -0 
4.27574 0.00306461 0.00081042 0.000137389 7.14119e-05 5.39471e-06 2.58555e-06 3.41895e-06 2.63062e-06 3.29426e-05 4.93725e-05 0.00105425 0.00144602 1.12893e-07 1.58539e-07 -nan -0 
