2 2 9.16988115741269 0.435355646402962 600.618701154051 104.623637803557 81899.7337314965 33161.4406082601 16511094.6334623 13360663.4744967 4287119708.73515 6109360047.15251 1331845067644.15 2933380740674.96 471719271401614 1.4338140098735e+15 1.83747552199492e+17 7.05604817207934e+17 
2 2.53494 6.83850471490271 0.413060913078858 326.687726116381 77.4671373230485 33919.7918453417 17649.0672964047 5326219.97334349 4521951.70723833 1063415846.11138 1239275552.0258 244546681234.832 353179348660.048 61194056717092 103029943365785 1.6098703723287e+16 3.04722088683116e+16 
2 3.21296 4.98546177935298 0.244013127562458 157.984789588398 34.9553589143019 10784.2981658633 6527.55414770463 1147527.21220979 1419773.80887639 163295391.975639 333024983.270285 28261727642.6764 80994631276.5296 5569701129962.21 20063634776865.5 1.18135143439031e+15 5.01121009743064e+15 
2 4.07234 3.6043458933277 0.178727676867265 80.3378206914257 21.0853305924036 4175.59518793947 3058.58331248159 364695.658062828 473762.902682086 42783051.1296097 75477841.1626858 5831638512.62544 12239461854.1666 856871886443.616 2010042831205.5 243602992692159 428804789255536 
2 5.16157 2.58484582559487 0.14179163817335 38.2202320529972 8.8145163176773 1249.06759520596 748.536367251474 65638.7100400352 73020.6668674483 4592420.30856233 7528534.65005124 378903784.33317 795401090.687797 34351019908.8068 84974157491.9974 12281733682598 15409544901396.6 
2 6.54213 1.8452529484617 0.0840646988368071 17.5534018463521 3.19104460439936 335.024386407995 156.131370927294 9608.89511629304 8915.94481717754 361849.470327036 548236.259897915 16406958.8297725 34873415.4245698 841059518.1769 2253254683.18445 -1 -0 
2 8.29196 1.33545117977834 0.0814903411989844 9.26452919480726 2.34539876799698 135.788177867099 87.7604170684204 3114.21698813764 3750.82981968991 93623.9575882761 169389.112845482 3280987.14801998 7815951.52998852 125103413.194645 363033670.427364 -1 -0 
2 10.5098 0.939378975885322 0.0508699232128365 4.29455457473823 1.00245486873506 40.0345081818187 24.0956243318159 576.997025899071 633.035371927284 11002.8552204423 17505.67888417 248253.01971244 500043.06515639 6157704.43918627 14545343.0301615 -1 -0 
2 13.3209 0.664688684052026 0.0308810398160073 2.07255347814109 0.34744841070276 12.3660698688511 4.67458992457985 104.022783751841 68.0473128994746 1067.34835078737 1030.76486561385 12334.292051598 15937.1111288737 152631.739536054 247580.196898555 -1 -0 
2 16.8838 0.453888032050648 0.0219820662861967 0.921043465872382 0.164464446642217 3.64690589426615 1.55018402382068 21.4285336674495 16.7523779539442 161.017359938141 192.39916642848 1401.96205337022 2262.9656059387 13783.0305334533 27074.8094533389 -1 -0 
2 21.3997 0.322950397137725 0.023419980240701 0.470567703967914 0.115992673565131 1.32561204623766 0.680536691893893 5.30697604006186 4.32788574670043 25.7081440347217 28.307858284609 136.435672297633 184.225092926182 800.413277954265 1181.70406670971 -1 -0 
2 27.1236 0.220296210694721 0.012532431067786 0.212325754748664 0.0442619009898903 0.389948040066883 0.202340415385392 1.03160558594945 1.05371461481161 3.42461177487955 5.76696684998439 14.8581333043553 33.602092342647 79.0451677762883 204.399972592782 -1 -0 
2 34.3783 0.143573424626426 0.00860704739783571 0.0866959341963347 0.0159049082201425 0.0956033357387198 0.0393578380906596 0.145501754974624 0.112566558803299 0.280254178706987 0.3288126092312 0.711584830474797 0.98380448406006 2.37411145828207 2.94312358942798 -1 -0 
2 43.5735 0.0995675721749451 0.00803595606515771 0.0439919540151594 0.010950423966728 0.0355077025147941 0.018610451570498 0.03719222725148 0.0345879615333722 0.0539052481928158 0.0676180540287173 0.103900917501673 0.140469851668151 0.182960553669829 0.237478017604631 -1 -0 
2 55.2281 0.0648506896265635 0.00527869999880279 0.0193090623046748 0.00493250381983333 0.0100308171104478 0.00612416463251152 0.00711859460633462 0.00864481146771515 0.0077806998470613 0.0144443611039037 0.0138123421341701 0.028783572777551 0.0197468072684686 0.0461438538997036 -1 -0 
2.53494 2 7.90758917027586 0.408074938781307 439.255517568784 83.3484796640724 51111.1418073992 22166.7933499211 8737126.21594984 6574080.96401868 1881716801.64232 2051971560.4482 468549723927.839 658806157282.01 127923801565333 215258372207190 3.70025340562729e+16 7.11505772101013e+16 
2.53494 2.53494 5.86671878784485 0.276930528066332 228.440826756733 46.335167100504 19591.7053507625 10739.6988962735 2652077.41625381 2808004.02531996 475970592.982634 763317373.629468 101047317777.178 210723379119.816 23653739615243.7 58627575490654.2 5.845563762775e+15 1.63769129632203e+16 
2.53494 3.21296 4.34980881750034 0.216830783528078 115.514149226703 25.6970203077047 6439.15021542156 3978.39084619212 551932.573450189 734353.027247022 64030436.9348136 148417114.866746 9256301750.95402 31252254569.7499 1554762465614.27 6701722113521.64 309796187308359 1.52209308636501e+15 
2.53494 4.07234 3.18248724839777 0.181513905831948 60.5854276074798 20.1066807650658 2678.96675057451 2802.39890002193 199894.417336259 402661.424856583 20326158.8225388 57909616.0639348 2430675058.49697 8315755535.37224 314854938383.621 1191887285689.66 163923537089544 314057602186015 
2.53494 5.16157 2.31872522213766 0.117935446377831 29.9377838136096 6.47042524993511 839.930504360408 465.065534363522 36833.0429025562 36918.7456413365 2113557.98248668 3041744.65494416 142027389.369396 254961271.59126 10444377721.2812 21550865513.1193 2201323597122.7 1193048867867.14 
2.53494 6.54213 1.6942137683819 0.0867332150328844 14.97489351805 3.43188048669952 288.896381842378 174.36871626683 9071.92836873712 9793.37803136308 380526.848508441 568157.51554498 18600827.6822444 33327569.0168752 981528786.827092 1961758774.70954 -1 -0 
2.53494 8.29196 1.20649799081444 0.0590360471553767 7.00414167721103 1.32864593680401 82.2304395367056 37.7690114940632 1466.32218601516 1229.40885058022 33992.118101899 42730.9114434067 923674.771700647 1537786.83059305 27522790.685768 56459735.3896942 -1 -0 
2.53494 10.5098 0.865312662638477 0.0510685484665633 3.55117250266677 0.913194274923726 30.468763783455 19.1957105777159 409.210372600134 436.208894025127 7165.8133305804 10369.0933121765 145144.457940325 252829.404845543 3169688.02882873 6238798.45149417 -1 -0 
2.53494 13.3209 0.60609152710575 0.0285733407059205 1.61928741586739 0.29047550663685 8.27881790662621 3.45121361038898 61.0308717448844 45.7597973948798 562.547053661822 634.023822257068 5941.99296324831 8890.26488164572 67764.4146165421 124122.584939339 -1 -0 
2.53494 16.8838 0.430323667019051 0.0215244814056586 0.79935093664452 0.152621114433754 2.77442137973191 1.24206884344601 13.6453034594453 10.9528974710048 83.2163340137646 99.9648703177866 577.121028289981 917.432453901087 4529.6662410734 8468.28564734 -1 -0 
2.53494 21.3997 0.301309911410918 0.0164127879982531 0.386870094082602 0.0740849494839087 0.945922308945362 0.436259400767493 3.33530011336586 2.93284981491492 14.6559008807353 20.9202396420982 78.0972018302191 156.171369222768 468.669577636167 1191.91251473816 -1 -0 
2.53494 27.1236 0.207926403823905 0.0111077167785496 0.184057418934662 0.0329687508387399 0.306341394452552 0.150116855599038 0.712180002927014 0.758663836573849 1.99244745255747 3.82257288490971 6.83212993502125 19.5046889585532 32.7087960973595 107.04548607626 -1 -0 
2.53494 34.3783 0.141853137798564 0.0103779032278224 0.083293989895026 0.0191763380143211 0.0878745104671713 0.0399630550297033 0.121602393246201 0.0890810574156639 0.21003463095443 0.203753316696803 0.418350686557145 0.475098253834342 0.867104913515719 0.913689173995247 -1 -0 
2.53494 43.5735 0.0903306520132839 0.0062103237197189 0.0334187429329538 0.00673550942684873 0.0222007963461039 0.0103136984958553 0.0200047898270614 0.0171210344521803 0.0261169312286519 0.0296770501896743 0.0474136648017367 0.0436508391037793 0.0487700477541074 0.0476840386371582 -1 -0 
2.53494 55.2281 0.0626584015861534 0.00592999070378038 0.0182335536453755 0.00539423724537501 0.00951320045647456 0.00554727010894936 0.00705348504371623 0.00563852451360482 0.0058762619956819 0.00618419997052484 0.00551039274784217 0.00708020485197989 0.0010102798795486 0.000534262916669019 -1 -0 
3.21296 2 6.68325555164049 0.366244204711778 313.623566869011 76.8578410547459 33797.5304706966 20608.1611453901 5859142.8672508 6262990.50557046 1331990698.54549 2025032399.76034 351519395202.434 674880802055.954 100955736710817 228417552938319 3.04924342524039e+16 7.79338118967725e+16 
3.21296 2.53494 5.1252584689041 0.256373096314978 174.412318016262 35.3674209400714 13308.971834397 6210.09130177847 1563428.93477243 1222125.58574787 231587632.046106 256574170.728005 38959916698.3834 55967889604.9947 7069371990708.48 12482316432593.5 1.33219703611928e+15 2.81514231723114e+15 
3.21296 3.21296 3.76478553676434 0.177508380979449 82.2723320781975 15.0925230938329 3761.21271902335 1651.70951617537 262377.981097242 217688.731785115 23908386.3964995 30908875.2648435 2581820414.75148 4495953021.20024 309980046971.566 659390636347.967 70035043601423 126347436385440 
3.21296 4.07234 2.80903263902528 0.152989099837879 43.6324283235449 9.15305830796374 1401.92406041731 667.198608077429 66915.8432790198 54383.0088299324 4028455.72973678 4684029.690561 278608731.392554 415673329.403482 20960872229.4405 37546082822.6238 6156456776544.84 4836969945901.53 
3.21296 5.16157 2.06646682383785 0.109285817085774 22.7602786781103 5.31616917422803 542.461384219722 329.499595821768 20299.4176801333 22274.2303178916 993397.512931553 1552542.22066058 56756405.1406911 109710818.04278 3540517892.77601 7808498287.98612 -1 -0 
3.21296 6.54213 1.50745958349814 0.0625286994086316 10.912198383747 2.11850271944536 160.270446607146 94.4826189016282 3659.79222934234 4897.31811491125 113897.114133355 272768.226319513 4410496.4323136 15633040.6270266 197897463.343515 903896778.78813 -1 -0 
3.21296 8.29196 1.08938403527011 0.0452220491129213 5.43648862993235 0.993832495064964 54.8534891788791 25.6484741900837 842.601771259539 725.010609656346 16762.9261987484 21514.1623477706 389666.404250199 654994.104082001 9925370.15724974 20165702.8455206 -1 -0 
3.21296 10.5098 0.793187985914122 0.0393282025404126 2.81359543581068 0.540653644595452 19.9659938198229 9.59598699842349 216.371619157548 188.997134398808 3046.37080278426 3859.37587902041 49884.7416919518 79755.3735973773 885407.541568573 1647746.49154558 -1 -0 
3.21296 13.3209 0.558752864011248 0.0307896269966191 1.31271617513131 0.272811360629991 5.96073775054967 2.8095870970403 39.7331810044182 30.9094679379674 330.704798665707 351.757207704904 3097.95881490392 4061.12006981602 31159.167913257 46916.4886949989 -1 -0 
3.21296 16.8838 0.396896597363237 0.0241140931393663 0.654631229580967 0.16523880940738 2.17441228896074 1.54308870889582 11.5793936746192 16.8283152752935 84.8372714419899 191.392985639076 750.853977426849 2185.72018717212 8291.27550195785 26145.5356557994 -1 -0 
3.21296 21.3997 0.288431077092931 0.0194513676556235 0.351891686729883 0.0785793489944386 0.817041677311292 0.378540152312502 2.65349689882804 2.05901672077162 10.2872343079351 12.0071858280165 46.1938998952941 73.8948400135847 251.211811758877 494.478262358292 -1 -0 
3.21296 27.1236 0.193784501992578 0.0141415879577454 0.150333053238271 0.0358122692979209 0.213204348264831 0.108642945452316 0.413382268481708 0.397848231339379 1.00904564752327 1.64207389004956 3.22049888554066 7.61612713004405 14.5434109857681 40.3860545747074 -1 -0 
3.21296 34.3783 0.129755246261143 0.00946394845896968 0.0670077725809734 0.0163679746122505 0.062417568289372 0.0374882317853263 0.0821489476284989 0.0926416551259138 0.169769340058325 0.243178999006753 0.48677849239677 0.669313001383455 1.21544004866417 1.59445829710044 -1 -0 
3.21296 43.5735 0.0917453429211548 0.00767493595997568 0.0342570173473976 0.00965812899922597 0.0223522383167322 0.0132992390827555 0.0195002001317411 0.0200377787684528 0.0278032911465592 0.0318760310794132 0.0388084680378184 0.0533685354237041 0.0785998908282539 0.135865399584295 -1 -0 
3.21296 55.2281 0.0559635759180837 0.00547530209551308 0.0120850335466108 0.00444561928939825 0.00491334431393777 0.00440659658856474 0.00453365215813231 0.00575252215349802 0.00578027583765902 0.00777503600133257 0.00591491724289466 0.0091338788695195 0.00225637783053264 0.00574036452680064 -1 -0 
4.07234 2 5.66901201401694 0.233484891042803 222.208080966523 41.7813291032812 19532.1419179749 8953.83014844717 2664310.27991158 2084267.62192089 464884594.319805 507663332.201664 92952741157.0497 126624851608.966 20077932522356.4 31954208632836.2 4.52462271846166e+15 8.10008128940229e+15 
4.07234 2.53494 4.23933410826413 0.181206757407717 106.972451988362 20.474559675209 5546.23869551592 3043.34975269352 437079.346758223 558497.533293058 46649302.5893372 113005884.673468 6304897652.03771 23609209502.1181 1013196261959.18 4973481985275.6 225639243990333 1.18232233642591e+15 
4.07234 3.21296 3.2184334822376 0.146121658906555 57.9842383605437 9.76007355478831 2143.87297500911 806.555045752559 116866.69328208 74084.2927650054 7974015.48904398 7109753.82252909 621103189.898118 696539908.642471 52380161630.4209 69027003885.4267 7139957638209.95 6573465098460.28 
4.07234 4.07234 2.435260821405 0.140694255507019 33.5104033726108 7.38976065756749 1074.10071571632 543.844234989759 55537.7955250665 45508.0581893822 3651700.76524018 3944167.77609439 268981669.097414 345841653.865149 20947320110.6262 30484092083.9214 3023553215284.23 2610152882613.28 
4.07234 5.16157 1.8056313279195 0.083331557373822 15.7475813991698 2.63931127871746 271.825727772012 111.62717325816 7016.04822153788 5499.6579746056 235377.573918545 289267.997551455 9354277.09327858 15638036.4949606 413195409.838176 854590895.272298 -1 -0 
4.07234 6.54213 1.33674606676195 0.0619043367071273 8.04413591460531 1.22073145319594 92.1586358550888 29.9627674076008 1512.71008808371 841.319005151631 30858.1463968079 25163.9298788001 718955.523828688 774311.998493801 18148602.0200924 24099236.5565754 -1 -0 
4.07234 8.29196 0.983124963035329 0.0402946575683983 4.03328871452655 0.559512949412125 30.1327713174943 10.1704133695296 317.729534997885 227.627555690316 4238.71620305187 5594.89323489442 67423.2934405296 142667.824923287 1225068.5179588 3679648.96319552 -1 -0 
4.07234 10.5098 0.724526396707252 0.0372258571442693 2.25755731743184 0.550132684868115 14.2420569934895 9.26131283283801 140.348763293182 168.914728831475 1830.58443165121 3224.56328732257 28104.1606123684 62885.0019635276 470983.092126857 1232389.60187124 -1 -0 
4.07234 13.3209 0.527016021842783 0.0300662658951984 1.11316591285998 0.229387787143899 4.33446153156184 2.15126124683239 24.2970041834224 24.2389914153462 174.030108140743 302.124384560173 1478.54122711221 3933.30325349806 14372.7727320428 52178.023712033 -1 -0 
4.07234 16.8838 0.373892379974128 0.025560279378483 0.55896683447766 0.140124981011485 1.57864451817692 1.01235006918916 6.56071381735788 8.1015098407055 34.7989945739076 65.9668577197906 221.098684366343 537.860304655439 1590.92926931524 4318.81594603986 -1 -0 
4.07234 21.3997 0.258359780703011 0.0161239492968189 0.258138710251665 0.0551675170633346 0.467942699449175 0.2373411419989 1.17197254328922 1.13331637109551 3.58185440534041 5.59365671412356 12.9770789072402 27.9251724559681 69.1547273361301 150.74970692086 -1 -0 
4.07234 27.1236 0.181730767351687 0.0133314990663019 0.128958833647527 0.0295783510741505 0.164663793581709 0.0762840654814833 0.279469246286076 0.22011950590246 0.570567297965791 0.677596311277268 1.43758842198164 2.27106835492883 4.69906200038434 8.89047773908529 -1 -0 
4.07234 34.3783 0.125364218868994 0.00889011501000383 0.0623039320766159 0.0160139105247154 0.0593465029311043 0.035352849515009 0.0858746899718995 0.0862183342155166 0.195344775993852 0.231483338664151 0.41690855181111 0.610288615117005 1.23953049897208 1.6050322572716 -1 -0 
4.07234 43.5735 0.0833339779184768 0.00761260686412994 0.0280180969022074 0.00844386015632981 0.0162882965523504 0.00968322480459237 0.0115719878608422 0.0102854156267141 0.0111097880238361 0.0105553296088814 0.00945919941615068 0.00851133870150098 0.000246230015846618 -nan -1 -0 
4.07234 55.2281 0.0557425309571727 0.00597825316266758 0.0126676469196664 0.00453978804189861 0.0059053145582368 0.00439774686245864 0.00461338135660412 0.0050941489580648 0.00467574620867885 0.00581956050571894 0.00434919023078873 0.00529859183749344 0.000757264767286365 0.0014840950687442 -1 -0 
5.16157 2 4.6417762705055 0.215498563971233 135.097718710568 26.4733714189235 8128.15672968378 4105.90404355104 740041.344488076 793418.857939551 89622596.2327227 171973363.481683 13357207332.2052 39009364999.7753 2308373319866.29 8999926366016.21 434455330872219 2.08658375920784e+15 
5.16157 2.53494 3.63673095139026 0.183479271046142 77.5169571270311 14.411680219219 3287.27659685634 1406.42711476161 200241.600107268 160545.775890284 15361535.6767202 20717296.1768617 1391036996.44986 2893373452.75585 143102251064.451 420680996130.744 25215944609383.5 84338511869281.5 
5.16157 3.21296 2.7544504065027 0.123363142677296 41.2453588544851 7.49091634268539 1291.9411084281 595.123997849996 62673.8432072242 53249.9879830733 3965464.12826114 4966145.16830684 292173977.444085 471204864.500819 23455575979.2416 45119433759.2691 6202515943651.7 6319284025622.53 
5.16157 4.07234 2.09513955836364 0.10003437327337 22.0842046481768 4.10873702661002 469.829071463076 235.686698374588 15196.4670530818 15713.6991549454 653156.425140212 1102172.05307778 34098002.8692088 78602071.3131389 2017762959.86143 5636997791.2819 -1 -0 
5.16157 5.16157 1.61321865532996 0.0843250005067654 12.6267017067225 2.96724258299369 203.789365051647 124.533029967204 5068.6381073375 5468.37869235034 163377.041577298 243932.731343832 6086946.85594201 10961136.4098271 244924241.980381 493816195.934419 -1 -0 
5.16157 6.54213 1.20295809299811 0.0660878223309993 6.92522002422631 1.99962457804134 91.8668606279539 71.2634483796688 2049.75532276915 2692.04882681622 59901.398931971 104850.787630532 1986972.50931072 4149580.27055257 70071526.8143796 165253872.462823 -1 -0 
5.16157 8.29196 0.893550649003448 0.0448554744728027 3.49696508637498 0.758264204960885 28.2067240415483 16.892603494949 358.13539681923 413.005910835734 6004.40035643821 10391.3418176766 117965.290732966 263766.890093069 2525943.98020627 6688759.59944114 -1 -0 
5.16157 10.5098 0.647497052672238 0.0286420940578895 1.66112671260271 0.288723245486092 7.9158004069685 3.34030732245664 54.2430687726244 41.3585778364094 464.367802902533 526.469350835338 4529.03702008445 6762.45059109769 47185.8308214346 86293.4088980794 -1 -0 
5.16157 13.3209 0.473998006643379 0.0270083198092959 0.858301424110253 0.169581869268916 2.83095970471528 1.30774216649754 13.323708067328 11.4766409436358 78.5459693510307 105.731622389746 541.710384404764 991.903755732994 4471.28732800443 9626.55636869881 -1 -0 
5.16157 16.8838 0.349422990670554 0.023505339287902 0.461162321343226 0.086146283194078 1.07270868061472 0.382697213634127 3.36098716660912 2.00614142027812 12.3587036677981 11.6428571723673 51.962032464857 70.4405699756949 304.186089328947 464.83209572287 -1 -0 
5.16157 21.3997 0.24052358931124 0.0165825278327527 0.213195627955641 0.0514242078643065 0.333467310079969 0.175240267480804 0.717037932580236 0.627271925344411 2.06538143709835 2.31826871707879 7.55218999109755 8.94030096928503 27.2951803265302 34.0115279905762 -1 -0 
5.16157 27.1236 0.167054698225191 0.0126135257488309 0.097270106784982 0.0243417674664432 0.0931863431448493 0.0514995481562711 0.111357898143323 0.114620190586949 0.19519873438286 0.27923195963439 0.584451316625938 0.756964173859878 1.49695233412641 1.97566211943953 -1 -0 
5.16157 34.3783 0.115719339691656 0.0101583149073435 0.048830810453894 0.0131568126130597 0.0334888976630812 0.0194737716448006 0.028437097994176 0.029341676434888 0.037031226431315 0.0463802463268342 0.0449839847669934 0.0710148423609514 0.0231043175944961 0.0256477420470056 -1 -0 
5.16157 43.5735 0.0789670008233904 0.00916362021081317 0.0237577526147933 0.00897355236600066 0.0123358219108332 0.0105363599651027 0.0109317646586648 0.0125912294714881 0.0126808000280568 0.0151947558293586 0.0129690111337036 0.0140373723675693 0.00139295313247092 0.00156847922633068 -1 -0 
5.16157 55.2281 0.0527072558654218 0.00594782932555893 0.0104149616037877 0.00371411106858384 0.00320632978427524 0.00265234889559753 0.00191369674671469 0.00296569560047967 0.00298012832695113 0.00441612947568927 0.000857258036017136 0.00226279448908319 0.000271010507244913 0.000221448252682607 -1 -0 
6.54213 2 3.87617518656819 0.166596901279085 94.1552439251923 15.6050813575251 4717.09423646486 1772.55955322569 342664.798904649 228086.205855887 30809294.9408698 31400263.4040101 3166541886.28602 4477256688.48273 356545307840.862 650790522478.66 44407312058003.5 99763135570551.5 
6.54213 2.53494 3.01769415039293 0.144735293841816 53.1890438967695 9.6018271898 1939.25578727703 759.763464581871 104077.785664482 69318.1100499118 7009526.35744775 6920904.24810191 543889230.401749 726152946.165142 46295057813.6649 78195877344.3134 8553888368063.33 11839834178614.3 
6.54213 3.21296 2.3722988869236 0.124235031033459 30.8251179488646 6.54684791495291 845.327218422119 423.680810565936 35318.894045345 30314.6509165143 1875938.01518093 2313241.12705277 114151510.767782 185859074.343524 7534608551.30974 15540022300.4862 5917535699285.14 -nan 
6.54213 4.07234 1.79925273455975 0.087236154843984 15.7523684074358 3.03943602276556 274.419864112211 128.724459945051 7194.0006250275 6154.84185778609 244102.561757151 311552.435554276 9704100.33102322 16199377.0384749 424381029.511987 853166281.30033 -1 -0 
6.54213 5.16157 1.3709651998597 0.0710571192494038 8.83111106745981 2.00231588214546 119.78991191919 69.30313796879 2591.06475594616 2644.75007357962 74055.0884529146 105290.064968376 2460792.56763818 4282286.88585069 88368889.7947461 176347419.233921 -1 -0 
6.54213 6.54213 1.04389324458909 0.0547557831175434 4.76057956760897 1.18005640772821 43.2349839052767 30.0823099653695 596.906033078838 814.563703282966 10731.9893485183 22879.5020154186 226936.497422467 657050.706855913 5282694.1661758 19045547.403484 -1 -0 
6.54213 8.29196 0.791303773538601 0.0394943000202752 2.56641176459839 0.574485318528734 16.5178426901142 10.0138516511244 165.948704621131 193.066210994227 2216.09533431261 3957.76447944518 35067.1812515139 83573.6132588898 611014.21417901 1779700.81518632 -1 -0 
6.54213 10.5098 0.583239378141397 0.0316995449660149 1.30522302049243 0.244723793269412 5.36992957972468 2.17593767677997 31.3750587785589 21.1888179893053 225.235685823175 214.31044330972 1808.85558107767 2187.90718931518 15829.7302886915 22264.4745923328 -1 -0 
6.54213 13.3209 0.426544815444063 0.019515577049392 0.669328863900912 0.123326436819473 1.88317224727379 0.811336752280143 7.36473760073711 5.48244171111149 34.581795780607 37.2525501700263 187.739656908545 252.632121274442 1126.73068739943 1690.06861579274 -1 -0 
6.54213 16.8838 0.314443287249645 0.0182240562080655 0.346812270067401 0.0679913460922019 0.658242575403232 0.308160320742909 1.68094790733016 1.48591815140913 5.03560579328538 7.18831229923231 21.308465759289 37.5363699544012 107.264637028241 201.279455390319 -1 -0 
6.54213 21.3997 0.218691321645397 0.0136927288407209 0.16358472745148 0.0364076708495946 0.214406406747508 0.114262587230548 0.391037758704872 0.411147912507076 1.01391759056181 1.60388836443713 4.23527329431386 7.10281763618689 15.9393792643016 28.9087582927919 -1 -0 
6.54213 27.1236 0.157123265649786 0.0108477850173606 0.0862104561503188 0.0208255587003723 0.0788799265583232 0.0450772985546414 0.0961818278152244 0.10291411112671 0.160703685078361 0.251543962261735 0.45650987842865 0.698519762010384 1.443632973373 1.80302558077312 -1 -0 
6.54213 34.3783 0.111456066285771 0.00997568977987532 0.0444246980982997 0.0130838902679575 0.0299601081380787 0.0210801780186355 0.0331736497933735 0.0357345793440038 0.0639245766104829 0.0568087974668753 0.0883519327566533 0.0618048217111357 0.0331368062152397 0.074606357000464 -1 -0 
6.54213 43.5735 0.0744919397793774 0.00948585477465293 0.0192285164517644 0.00705364238570262 0.00801037504962266 0.005419593478007 0.00475985446026344 0.00428803724214662 0.00498835641215486 0.00516209083193075 0.00334273839091985 0.00520624947928001 0.000979972483938423 0.000901637587870021 -1 -0 
6.54213 55.2281 0.0479718477349799 0.00687711018048525 0.00822737571360518 0.00403607511904915 0.00234150547784604 0.00205911955622649 0.00108564899543822 0.000899221185144729 0.00022786345307004 0.000261356920040908 0.000128036327760031 0.000189758976422233 0.000332117328076691 0.000577898033004928 -1 -0 
8.29196 2 3.20953500902443 0.152221359024332 64.7483099578101 11.634145009325 2736.79891442768 1126.13987257546 169364.369501188 123314.961919557 13050743.5467622 14416237.884125 1154858218.39332 1748591666.25548 112249650130.731 216673316577.113 13071022664802.5 30224189958962.5 
8.29196 2.53494 2.47783002636343 0.121357762043689 34.8096262437433 7.04108248394835 1013.12325797563 500.814657860096 44345.5973336979 42620.4214044309 2521085.9200646 4051651.94348697 172040744.905187 404027799.674211 13374916983.9512 40977850734.2442 7447272929791.35 10566435901206.3 
8.29196 3.21296 1.95970523599139 0.103859432910661 20.2239187145287 3.86384444784167 416.989088216073 169.106801625283 12434.5292755188 8288.54897996214 459092.606365332 434128.135371979 19260776.3382667 23563322.0514348 873765792.156286 1301155116.54782 -1 -0 
8.29196 4.07234 1.49481709296092 0.0771852659367125 10.6761349235816 2.38508523416592 156.112973855814 88.7031740391096 3557.89143955497 3691.16961844241 107499.067009718 161114.630924619 3835389.54620664 7152271.67268918 149870651.714569 318694606.142097 -1 -0 
8.29196 5.16157 1.14989941482399 0.0503093310686361 5.7957929665292 1.03122393994873 56.1266192381336 25.5454458950275 798.736213128164 685.266491800743 14570.4447257309 19080.6453200978 311474.644517836 542106.858980988 7329877.11331482 15570149.5987592 -1 -0 
8.29196 6.54213 0.904851014127066 0.0437855609895145 3.48735151412396 0.630006022630397 26.2796304035746 10.7205684204511 290.651849681666 204.084145847823 4003.11177318548 4160.06465713328 62432.5062432405 88517.4166856297 1044895.00341652 1929203.93461466 -1 -0 
8.29196 8.29196 0.691169804478208 0.036737647947354 1.87802296690352 0.348433137031202 9.46880091534259 3.79924377872243 67.8538734912193 44.4457001499453 596.027368784596 537.614475802519 5854.51870551923 6596.46963731743 60398.7158015346 80721.9052198185 -1 -0 
8.29196 10.5098 0.522568866125277 0.0297138916625063 0.994330201031814 0.200306189527118 3.33038538022654 1.67685366437184 15.9298809800711 16.4895341235709 99.6396347357405 172.753705896316 758.907385420666 1837.44880148096 8351.27287446891 21570.8984497563 -1 -0 
8.29196 13.3209 0.387894010650035 0.0223945757024862 0.52491068432792 0.118404908558266 1.28157669052863 0.71555472178852 4.57884914487151 4.89106313913647 20.8742560011098 35.7862534197907 124.535392727897 283.43421901468 902.488504390471 2370.64797583309 -1 -0 
8.29196 16.8838 0.281018800690283 0.0167144252726856 0.276353928644211 0.0623901688707788 0.489063441813776 0.27202598183421 1.22168537659965 1.33329596994681 3.73715503061111 6.86241138046761 16.9722718490332 39.3573618818877 119.077979488704 251.591776478557 -1 -0 
8.29196 21.3997 0.207568724394538 0.0139857718493666 0.143457075736585 0.0366799763250986 0.172086048976383 0.108508701394603 0.301210483562272 0.342085395644984 0.845035962544333 1.21662129211767 2.84179727932672 4.46352397879503 9.28875819736454 14.511641197113 -1 -0 
8.29196 27.1236 0.148730453508004 0.0113636918169349 0.0745109590110308 0.0160805369585827 0.0605286818683491 0.0282613881629855 0.0588388230427098 0.050893917836487 0.0901645022882817 0.0881693650808869 0.145966132875728 0.128674631229162 0.182592711647844 0.180326970338785 -1 -0 
8.29196 34.3783 0.100074258867078 0.0080069561765693 0.0319607045342314 0.00799617114513445 0.0145858600944105 0.00941354316538101 0.0105033199887577 0.0129559885405117 0.0142246241369311 0.0193341372937688 0.0170674812981249 0.016736613914963 0.00333652363313622 0.00238589006316423 -1 -0 
8.29196 43.5735 0.0693062178569474 0.00745238267483851 0.0173625425909072 0.0056322271766152 0.00677132012241509 0.00465176158447751 0.00490148218858891 0.0035394555430888 0.00247308270456575 0.00351013050576956 0.00139712307256353 0.00246282266975854 0.00094836722975819 0.000759789773838105 -1 -0 
8.29196 55.2281 0.0449893277259313 0.00633369979206268 0.00665361913733151 0.00369800356916681 0.00188198495030994 0.00207420412292443 0.00130127876120926 0.00134385244596029 0.000409831019442882 0.000521645445744163 0.000147805070912497 0.000111349256139555 0.000153598050759532 0.000208967869792552 -1 -0 
10.5098 2 2.64825928662554 0.107985066026799 43.5081584211565 6.70634205276969 1464.30210669501 461.033463949291 69931.7837580307 34970.1214729134 4031098.73704058 2850361.52332534 259758479.644855 244445096.34764 17998744155.8515 21719560197.611 1519565489566.85 2349233291092.36 
10.5098 2.53494 2.04439457899013 0.0835040209574883 23.415124759272 3.90836118995968 552.579502908866 221.731172069686 19249.6650346437 14348.9736732518 845066.382991455 1006742.22686864 43080252.8970787 73645747.7962791 2434593506.86598 5499557851.72805 554008142578.258 514190909208.632 
10.5098 3.21296 1.61823318399121 0.101404531959516 13.8119049367049 3.40520093684597 253.316004754424 142.079453133739 7210.44073570347 6626.43939201315 262554.487245333 325579.479308488 10925794.6665953 16424228.92835 488923173.133454 839720257.320298 -1 -0 
10.5098 4.07234 1.2736716889248 0.0602277698358613 7.63747236336855 1.25150688374203 89.4932299824625 31.2374812342112 1517.06047955534 892.442411950689 31906.1630525301 27717.7351090064 763369.047051593 904821.038085344 19759628.3556275 30441407.1734693 -1 -0 
10.5098 5.16157 1.00176662467765 0.0439350682017917 4.46995310807298 0.955967900072006 40.6342844696622 24.5785492173387 584.521456285372 662.764749089394 11227.3195794978 18198.1075286574 253393.419782056 505028.611673401 6206430.45444203 14094685.1006222 -1 -0 
10.5098 6.54213 0.772260911363348 0.0351621845662273 2.52195569589344 0.522761702227983 16.6183990414911 9.39169096133384 168.839240416339 180.382988548475 2240.82102758179 3576.09691971552 34827.6749534917 71813.2812597304 591218.16301204 1442233.92693965 -1 -0 
10.5098 8.29196 0.594032898733734 0.0312477980161658 1.33731699963491 0.273611673417772 5.58231695055958 2.8691259081874 34.325125315373 34.0800600551967 272.194325362092 433.831524589391 2536.45408192793 5713.50189592197 26512.8187986616 76649.1090412108 -1 -0 
10.5098 10.5098 0.457279439643642 0.0276033818891501 0.7683450839103 0.163812573461947 2.35292906916742 1.07281317223346 10.2315258825271 7.69206700969858 54.2598347109947 57.2805587082555 316.399390204157 424.129604120367 2127.3118393909 3106.92859627116 -1 -0 
10.5098 13.3209 0.344956544179482 0.0200231419515521 0.421998458390333 0.0877419799161184 0.923388425629392 0.418936340622386 2.78215623601697 2.08290011946489 9.79628741130722 10.5681244860312 44.0095586484818 56.0789777968083 193.223545745984 305.815151415608 -1 -0 
10.5098 16.8838 0.251994343870197 0.0175441717600417 0.208831353418219 0.0457167441495603 0.295288556770997 0.1310576381176 0.554145409259478 0.397603169050794 1.34972326325795 1.21629262510457 4.17689287255287 4.04721924388242 10.3541448986111 15.2463228442432 -1 -0 
10.5098 21.3997 0.185588064084881 0.013008732997102 0.110574700355496 0.0311640535121391 0.1112359827609 0.0799301953288062 0.179387100556305 0.219983013112115 0.451908296491353 0.651039055231351 1.43874975028193 1.93652752376943 4.47238568645129 4.64687912365261 -1 -0 
10.5098 27.1236 0.136513679218128 0.0114468452810353 0.0600167446160938 0.0161356500214889 0.0410575279598142 0.0237402627319718 0.0365104428054123 0.0349269640847538 0.0504488794649746 0.0654965929115317 0.125052084909025 0.103967565309734 0.0244773401023281 0.0389458970997972 -1 -0 
10.5098 34.3783 0.0935514291091918 0.00894328543238131 0.0273619908515457 0.00896968931155937 0.0134516641208535 0.0112626632110175 0.0151465550955546 0.0181616147243312 0.0338490426029445 0.0246120195178191 0.0138844212587827 0.0181895270191651 0.00295727037435254 0.00399530087498761 -1 -0 
10.5098 43.5735 0.0628445248550939 0.00799471836135178 0.0123460975667737 0.0060893774054144 0.00421315230761608 0.00400554908970568 0.00229852357418951 0.00278530780668941 0.00169960259054486 0.00162408043312042 0.000237378668003259 0.000160710199688093 0.000300839600404099 0.000235166505968452 -1 -0 
10.5098 55.2281 0.0407592236133676 0.00640063234807397 0.00610932869937317 0.00370376576609941 0.00207707346507335 0.0018533724237395 0.0010012799669625 0.0010828566844512 0.000207330946316144 0.000219075925460269 8.17918240409207e-05 8.09359311861874e-05 0.000128516450265298 0.000167329195942336 -1 -0 
13.3209 2 2.12454823508397 0.0958926106080091 26.54080376194 4.05061812879241 660.645161239635 219.737160414807 23733.6471500591 13943.8202019715 1066094.18132278 940408.148495441 55195094.4110149 64872066.8253503 3129208077.50156 4518519035.82495 361104248471.323 306602326520.065 
13.3209 2.53494 1.73869282758885 0.094136031765462 17.1745841534197 3.35871623783445 341.748915143836 138.068515092454 9720.76678005764 6225.53894923037 338412.212784763 295629.712018101 13303322.1536024 14476482.7379076 563639685.104771 722511350.475044 -1 -0 
13.3209 3.21296 1.34203942949039 0.0683424945014255 9.39352282128419 2.18994637138221 139.712282961141 93.0814103235479 3227.55178280881 4181.05653872029 96545.1868006326 190128.150844346 3351574.85095048 8676960.46510984 126739715.995451 395648995.252593 -1 -0 
13.3209 4.07234 1.06827704636643 0.0469822006917159 5.47870249482277 0.998939258000556 57.0979857134954 25.5384797052384 891.531898982652 693.435259605312 17560.4934156647 19248.2566313786 394490.755733759 540500.006702502 9538247.03646998 15260988.0274154 -1 -0 
13.3209 5.16157 0.827319114136268 0.0391674818483814 2.88694336190579 0.477206236318959 19.1154274415137 7.59856724888583 186.382088334833 136.78965390338 2328.63465275192 2549.97127621206 33869.4486411546 47907.294129895 536451.638785153 897009.245778601 -1 -0 
13.3209 6.54213 0.65057806934943 0.0302959173249694 1.66804501324161 0.298176506563002 8.02503009571485 3.44198259259553 56.8128019110356 42.5956845843241 508.934184210802 539.786559702506 5192.7245742349 6859.69252641969 57401.882008376 86668.6020495272 -1 -0 
13.3209 8.29196 0.524240204954071 0.0370166366823518 1.07852585968898 0.292698441262027 4.26685240856088 2.56972764001916 24.8044242153665 24.7310620889871 179.919635064271 251.505294726043 1471.9079032207 2619.8600237839 13798.2415754006 28067.2619828209 -1 -0 
13.3209 10.5098 0.397339438592399 0.0211988574286971 0.552489167369725 0.114163586105067 1.37878978518975 0.734663754758735 4.95362932206999 5.06739554502982 22.4549679135033 36.6078649822517 127.249822080285 278.558851577693 932.78492735717 2283.98139671922 -1 -0 
13.3209 13.3209 0.299731877186836 0.0198316459471351 0.304753383043803 0.0714438952150579 0.553454152338297 0.315930602989442 1.43032720241939 1.54061593675641 4.68737064036989 7.86109301830538 23.7916746544758 45.2884770063961 140.561687472764 262.266758737138 -1 -0 
13.3209 16.8838 0.22532194251313 0.015381069150634 0.161729136664236 0.0413063998543534 0.197076220945863 0.120621519829924 0.319792632175549 0.366622061767454 0.700269377905417 1.15449155793128 1.94165357231777 3.72733268758094 5.65362744652686 9.76826868168703 -1 -0 
13.3209 21.3997 0.164796526442333 0.0135016034081686 0.0823450715820668 0.0191457018124154 0.0571226396564706 0.0257977725819998 0.0409957242876557 0.0294791136902769 0.0360659903208174 0.0373005214516207 0.0465604536940545 0.0503124959082394 0.0117656482099408 0.00365174963503988 -1 -0 
13.3209 27.1236 0.124027101488593 0.0126229056804255 0.047426114803019 0.0165912902482636 0.0282613523250755 0.0231973269905665 0.0293226007818112 0.0317327116914037 0.0345404304244153 0.0387939662080601 0.0152384193533767 0.0224604054004746 0.00549981154912405 0.0043595489017043 -1 -0 
13.3209 34.3783 0.0856010500733147 0.00893208639781747 0.0224632950249931 0.00809025361620475 0.0113752641894537 0.00779621395233822 0.00910538381017082 0.00702202055845655 0.00603581513304054 0.00545813165862885 0.00155434870443323 0.00222053480022052 0.0018563839862929 0.00119640608360138 -1 -0 
13.3209 43.5735 0.0603848022593589 0.00800474533998684 0.0113640486076067 0.00543718436937748 0.00401729746226967 0.00461068230108328 0.00311004889506582 0.00566997407801076 0.00588523367712591 0.00681846596480281 0.000506306003803799 0.000514900039781126 0.00066749434036823 0.000710552376340532 -1 -0 
13.3209 55.2281 0.0379514654391175 0.00636012109704761 0.00459904253309486 0.00250740353584577 0.00105420329280629 0.000970183661240405 0.000375366755886768 0.000414308481686759 3.44196853819548e-05 2.11693377480303e-05 7.29346438950261e-05 6.68283838777792e-05 0.000158548221309327 0.000216819844120017 -1 -0 
16.8838 2 1.72479886286257 0.0707779158762182 17.4015052697737 2.43919833464264 351.460707226848 99.2527828036611 10149.9633507751 4440.70812993455 357493.072997694 208339.355290665 14094223.4523996 10035111.3119792 592996483.475913 490861018.627445 -1 -0 
16.8838 2.53494 1.35866373792598 0.0675644124044734 10.047370544358 1.96341799983745 151.51652902546 67.0769423749101 3357.32365866289 2532.26396360395 92726.7483112356 104557.625009328 2930530.60022074 4660224.11437764 101392099.779444 218726400.649036 -1 -0 
16.8838 3.21296 1.10014280852249 0.0605473848054792 6.13781161570728 1.23258467611319 67.7301388931242 30.1501359135551 1082.3317066443 860.378046140818 21661.5555080826 26810.0783248936 503103.043454327 871471.604721121 12941119.6116745 28806148.2347532 -1 -0 
16.8838 4.07234 0.876813461179166 0.0431412831227177 3.54774759378486 0.642263356868561 27.343010547726 10.8979654756063 299.251959425639 206.272377610668 4033.68653742403 4215.80384264747 61951.7261463439 90350.1531092336 1034534.50694952 1985519.58711927 -1 -0 
16.8838 5.16157 0.695728925342097 0.0336274713903112 2.01385418077433 0.33587487797646 10.7990649319635 4.19863355460642 83.5241172674389 60.5753661138149 818.184527468392 939.885405364641 9325.06588003681 14997.2080577228 116479.985607241 240128.053396725 -1 -0 
16.8838 6.54213 0.553778562721826 0.0296964471314783 1.21676262168198 0.24625627417117 4.95730132838553 2.30931748141139 29.2356173090635 23.5665869491296 217.251526429114 254.272011409317 1885.9528616637 2848.43168529034 17869.9514404854 32598.6175130841 -1 -0 
16.8838 8.29196 0.440535098154059 0.0217242680296149 0.712505629948744 0.127185805855656 2.03592109132965 0.822444019397302 8.05489331373594 5.9036287838926 38.5308248750328 44.6735482926071 213.044871331941 346.157794814502 1283.96377673741 2685.91217340271 -1 -0 
16.8838 10.5098 0.338151961486034 0.0205222144833377 0.409613758800295 0.0889488446217423 0.930256733727214 0.485146694345618 3.13353624449161 2.96321289645344 13.2356737683142 18.3990041934671 65.8391406944707 113.006040952189 429.097662259521 709.519796234949 -1 -0 
16.8838 13.3209 0.260599126307175 0.0154141603100387 0.214745773024883 0.0464947617172246 0.30380444038931 0.157569996979121 0.595115567599956 0.568266474347515 1.51920326531141 2.13771158835215 4.94035433708591 8.69400003958392 25.2794362145397 42.4080041677654 -1 -0 
16.8838 16.8838 0.19637543522388 0.0132261987954493 0.11961939392808 0.0261497895605225 0.121942355024425 0.0650906693650594 0.172310091393823 0.181841155436314 0.407211531041453 0.556059555102894 1.31573917388053 1.73695691759984 4.10380388850662 4.46256116220354 -1 -0 
16.8838 21.3997 0.14797813432522 0.0117298371703873 0.0662389354728062 0.0172095780475585 0.0448605656202376 0.0262647668924885 0.0439276866548013 0.0387252472067253 0.067433498788895 0.06329443304484 0.117410221769602 0.147774185090103 0.0556997006427483 0.120483847803493 -1 -0 
16.8838 27.1236 0.103325459749282 0.0107996653383478 0.0304929012549574 0.0106228609343809 0.0128091729722539 0.0103618183761793 0.00822311425750154 0.0100337408155698 0.0120246661400725 0.0102847786196692 0.000776658217670425 0.00124287352187555 0.00501938757718694 0.00329404595063655 -1 -0 
16.8838 34.3783 0.0797178490414571 0.0116909283936333 0.019286043955591 0.00942278657346883 0.00768212309476447 0.00763188461113314 0.00700942839958256 0.00584270366908664 0.00400285825908005 0.00525313122145218 0.00124323588536702 0.00128548887880562 0.00198378440344944 0.00167228140123155 -1 -0 
16.8838 43.5735 0.0518281657962656 0.00779805416991697 0.00781606226843987 0.00392291378344313 0.00222057288393002 0.00228056397980324 0.00172441458682694 0.00226527753239397 0.000974335952208664 0.00143534180044212 0.000110819862827607 0.00015009509211411 0.000296848965332048 0.000337762261876259 -1 -0 
16.8838 55.2281 0.0348094101195769 0.00731036191687092 0.00383236221469692 0.00268560781498511 0.00109754514613813 0.000933920698238148 0.000262841294612929 0.000415093595045822 7.83486029344446e-05 6.26605748176713e-05 6.49240010431005e-05 5.07871117338636e-05 9.29481151127104e-05 0.000134815839509712 -1 -0 
21.3997 2 1.41140896982116 0.0672402560714747 11.7089703196896 2.20880552989369 195.456679948886 84.8790184403378 4752.32406986321 3574.17810596858 144961.340894765 160797.150104301 5106670.91676479 7570310.40299867 197683551.682315 366874354.96677 -1 -0 
21.3997 2.53494 1.11594999289075 0.0450412681794402 6.97467854574849 1.20225102767179 90.285644927772 40.2606469913112 1754.29320150622 1471.55515767456 43660.0617750676 55593.546607039 1268981.87230203 2127733.45115157 40628423.158055 81801394.6688513 -1 -0 
21.3997 3.21296 0.886069874259613 0.0460398404362064 3.96734931709477 0.764512707578224 35.7027682066799 15.6917088680463 474.874303783585 370.242494367644 7978.47677976321 9530.23893814366 155115.950941897 257332.977722257 3314413.80511228 7105484.17313481 -1 -0 
21.3997 4.07234 0.730098623720588 0.0324197859019545 2.49779420441892 0.431197338870169 16.7110877104078 7.00947955358395 163.679717991958 125.087579826487 2015.21114050671 2296.2569196424 28410.1996149111 42358.8101965653 431882.963641428 776386.646598112 -1 -0 
21.3997 5.16157 0.574776197112926 0.0282739115260691 1.36843373148658 0.236863980310728 5.87935697539301 2.24179838938362 35.0384385728439 23.2491174401049 254.432065787346 253.389683192218 2081.23301641362 2813.73323173476 18474.9297132737 31317.1584545419 -1 -0 
21.3997 6.54213 0.463445529283162 0.0288467280219754 0.876242360857424 0.195482758551285 3.14649377384602 1.56993363685072 16.4311140958953 14.1169498160507 106.888433944273 133.930000460493 785.475506597349 1295.50163027171 6485.87861595071 12787.3769659647 -1 -0 
21.3997 8.29196 0.371936840567368 0.0221213986298653 0.527622406646788 0.0973670095211587 1.37882333694644 0.530944865192381 5.06528979485457 3.33457143579956 22.3242922735087 21.9963053295572 108.990611190479 144.612731279569 597.390967714157 942.097557267226 -1 -0 
21.3997 10.5098 0.289642124493536 0.0173894392858025 0.295334292616878 0.064429121497527 0.542676491264697 0.28502637821871 1.43719025175247 1.37108456205059 4.92326770580093 6.71419324009408 23.9758934432372 34.6576080268908 151.698032817648 176.98114095206 -1 -0 
21.3997 13.3209 0.222137970645971 0.0131895209124906 0.155728723758293 0.0293881365543502 0.176935617277056 0.0734829618283117 0.263857040473412 0.187958950039777 0.469610843631842 0.508765678558055 1.22597093849812 1.70985703932807 3.42244974220585 6.95107796625626 -1 -0 
21.3997 16.8838 0.174127169191641 0.0172676313996773 0.0977141382302339 0.0316635222658289 0.0923623353617676 0.0681018946008108 0.129397408501779 0.163946921718291 0.281229852158552 0.428126250041595 0.891487928808552 1.07002030567793 1.44984755050376 1.22448693169012 -1 -0 
21.3997 21.3997 0.129457631215876 0.0134976898787283 0.0490767024568654 0.0164027153269507 0.0300100797785519 0.0238740608012353 0.0350991686196192 0.0381985741354449 0.0604156850033679 0.0638892441653066 0.0788009857873786 0.10651863170746 0.0234266937453394 0.0305427238565251 -1 -0 
21.3997 27.1236 0.0958614091438514 0.0113263425661227 0.0239660143174216 0.00969207688290419 0.00929189893958624 0.00996345377228506 0.00929042679515784 0.0171041264746096 0.0103358398152282 0.0272260957143572 0.00888370240822953 0.0256103379432407 0.0027592519663856 0.0021526018340419 -1 -0 
21.3997 34.3783 0.067514031305804 0.00716010032932093 0.0120556243327316 0.00631705816531994 0.00410916973727396 0.00522251441808135 0.00351720848274585 0.00552366587032034 0.00122757263025756 0.00135832221040565 0.000544144161977964 0.000400712378418582 0.00104614542933377 0.000770270360088776 -1 -0 
21.3997 43.5735 0.0456111653657084 0.00741340992704036 0.00626621336447007 0.0039654242869578 0.00217872495084166 0.0019589512842541 0.000836503046340422 0.00075835060759199 0.000171223443895987 0.000125615982467257 0.000122018537431321 0.000121187454840893 0.000204578251680119 0.00025497579844624 -1 -0 
21.3997 55.2281 0.0305996996435882 0.0066889564004343 0.00259497219499653 0.00213703124780235 0.000834248663766818 0.00112608650501889 0.00032097852639957 0.000382704415708082 7.40096056662557e-05 7.46635679185524e-05 7.15135838992098e-05 8.96439429409144e-05 4.78385703476543e-05 6.32458965262636e-05 -1 -0 
27.1236 2 1.11653733657644 0.0514666440978437 7.15404535070536 1.11745026008942 92.1317690126778 33.8208881982075 1754.95888113363 1259.99708466658 42805.2550850878 52558.7428066734 1230970.02640818 2309343.04412423 39683663.0085569 103560757.921567 -1 -0 
27.1236 2.53494 0.915750017682623 0.0460636485064664 4.73533028073353 0.914969720561572 52.1459360755223 25.2406522029194 883.791197605219 819.963039171118 19412.845632463 28182.5922394673 500630.130531258 984285.887116531 14269479.8846441 34439343.2660579 -1 -0 
27.1236 3.21296 0.723008853640591 0.033524469556588 2.56479782219131 0.499455695439594 17.6413152383349 8.34871041840308 176.393381500981 152.185643294329 2224.55855422065 2975.02985995304 32645.6575766432 61384.81026034 529938.358086668 1311707.59449824 -1 -0 
27.1236 4.07234 0.593061029075103 0.0390981853613404 1.69244250406721 0.421409603330937 9.57439417158233 5.21671435826402 78.6327633336717 70.5283957954745 796.524248916871 1008.86963750785 9105.83064153187 14974.868931925 111477.286789693 226564.943400915 -1 -0 
27.1236 5.16157 0.471874433573628 0.0287748811893099 0.954971441714449 0.183979243928905 3.52757257677726 1.33586011623731 17.7969216262401 10.4802782876818 106.060083873132 85.371126580224 684.672096280774 706.326882771524 4668.61181323737 5869.3105685545 -1 -0 
27.1236 6.54213 0.373712346361417 0.0209450336913492 0.538816158713203 0.0946242267106636 1.36007619786229 0.496978477057243 4.6419754848002 2.8635670850963 18.733270387111 17.1127345337086 86.8264749052038 102.653345715045 464.183737098534 618.661721534571 -1 -0 
27.1236 8.29196 0.297807454446436 0.0160868148729621 0.309594093978457 0.0517842565498376 0.53984466503106 0.208529186078694 1.26419319302245 0.969228309043392 3.5999428835868 4.79357203676528 14.7012922109051 26.2353672177731 93.9571467371121 162.244209176618 -1 -0 
27.1236 10.5098 0.23415035137685 0.0158262422308737 0.1804047265455 0.0388079794989004 0.222873688720557 0.10631181325311 0.348554206767518 0.342695594448332 0.86206346395293 1.34784013370056 2.85992667500421 6.10167053249814 16.1763802920236 30.4027762869573 -1 -0 
27.1236 13.3209 0.190617926876329 0.0151167467085035 0.114650184277249 0.0294929738832218 0.10937495590351 0.0647072458867711 0.137872506687939 0.148657004677401 0.235994062970936 0.358668824857843 0.987393815010472 0.762968690316606 1.3119534023976 0.848895811686748 -1 -0 
27.1236 16.8838 0.143016343601841 0.0145232357726104 0.0586314705225105 0.0171296163987817 0.0328411389083249 0.0228843706214297 0.0253403482374073 0.0417043433250589 0.0886912576126943 0.148062387306563 0.560256637759524 0.145154865322607 0.101351506521387 0.211910794787717 -1 -0 
27.1236 21.3997 0.10721995938389 0.0106417891150099 0.0317192696569465 0.0116279936162029 0.0143748843214797 0.0123379385655572 0.0134782473951055 0.0136724676559123 0.01574938775574 0.0171534949262978 0.0128970212274596 0.015668021115136 0.00308764312348771 0.00253370623541868 -1 -0 
27.1236 27.1236 0.0843121524036493 0.00970678101054295 0.019180722880128 0.00706208888157887 0.00687450450786741 0.00722315017898772 0.00567675353794453 0.00849080309321579 0.00954515572768777 0.0105226995934942 0.00133791208655188 0.00183116535586145 0.00258912846552003 0.00197398591309849 -1 -0 
27.1236 34.3783 0.0580434089069681 0.0101484641152023 0.0102112946166356 0.00729212343390389 0.0053516738032301 0.00774963876946692 0.0056636073221124 0.0107692029548204 0.00794556090145584 0.0147985361532079 0.000986221150174068 0.00286206508142988 0.000669941605939913 0.000912139943368013 -1 -0 
27.1236 43.5735 0.0422671249060812 0.00867337731558344 0.00492226740479577 0.00402231310069717 0.00189784086804436 0.0022978985431711 0.000404168281805886 0.00051244210296605 0.000123406490984279 0.000150607560667249 0.000155435703992538 0.000160597235765669 0.000137770654969002 0.000143131973096531 -1 -0 
27.1236 55.2281 0.0274400939086654 0.00656940957794905 0.00237249180323702 0.00252970020290471 0.00124978633895602 0.00136648286985118 0.000210228596804752 0.00040400746071375 6.759989844036e-05 6.49713286882412e-05 5.05101668269182e-05 5.27583994299197e-05 5.50815942410314e-05 0.000112006156428079 -1 -0 
34.3783 2 0.901549027046083 0.044477483097472 4.93743348590168 0.910619727898966 57.0668687992556 21.6952264204125 967.558850501003 574.845683063867 20096.1349514997 16395.7861342765 467499.564693423 488926.006458059 11632200.8751177 14928658.8138856 -1 -0 
34.3783 2.53494 0.739670722986493 0.042583264635711 3.10751433700055 0.685189594751153 27.1923751826722 13.1290111338181 350.38265735268 275.384416043797 5560.6166904727 6016.12086505445 99017.275591726 133854.950717662 1881137.25311671 2995049.90274864 -1 -0 
34.3783 3.21296 0.584439664909272 0.0333807939777562 1.71013697709083 0.332055374364938 9.78076382970776 4.00180441897816 80.3266791046242 53.4875245558569 806.629994484774 749.655396536448 9044.81110178698 10714.5732029662 107233.670456955 153326.46145071 -1 -0 
34.3783 4.07234 0.471437343501779 0.0229151996537706 0.992738315587109 0.172681543056486 3.84402274721634 1.69181291553465 20.7827059148157 18.7469775823929 137.883802691862 215.501515132793 1044.49571932093 2485.6201835692 8571.98399018819 28177.4076402891 -1 -0 
34.3783 5.16157 0.38314520347223 0.0206259442955319 0.641753863197199 0.125208678433362 2.03990254587904 0.865139161261729 9.23024343153283 6.6261376442917 51.0409481780458 54.4720251323175 322.103173631659 465.562805013826 2235.33643510083 4059.3201412895 -1 -0 
34.3783 6.54213 0.307376818747414 0.0171620457346832 0.370175047213686 0.0705480114694743 0.794965411231436 0.344508341386787 2.3868800099874 1.82119218668963 8.73411174551935 9.93859855402004 38.2224954530606 55.2721098272761 209.313735310722 319.67299781034 -1 -0 
34.3783 8.29196 0.253463315420694 0.0148486738034858 0.230907090432527 0.0439615865457796 0.347627793706951 0.146208142345566 0.689003956249561 0.536711314757508 1.69304822120403 2.07211089203359 5.75896179575536 8.65531057961857 27.1981281871563 38.2944157536081 -1 -0 
34.3783 10.5098 0.199479289944117 0.0153709532940345 0.131162054406443 0.0326754817710525 0.139942680711443 0.0743838486264078 0.187094759991874 0.176088752595267 0.323022996218869 0.419237548311101 0.818088282804556 1.02553028556456 2.08712996137878 2.07421810827309 -1 -0 
34.3783 13.3209 0.156546488395064 0.0143616404126205 0.0761822969625441 0.0249522356927791 0.0601354012922139 0.049283713941157 0.0771108544401669 0.102942956183233 0.158177642418095 0.230813359059172 0.326403047160067 0.449140162862512 0.139240071930048 0.262882630094572 -1 -0 
34.3783 16.8838 0.118976280267919 0.0118921021370597 0.0386960493297513 0.0139561911246775 0.0177407815462005 0.0167218930940551 0.0181288106354713 0.0252346879965659 0.0305902185972603 0.0537552694835681 0.0593544983417442 0.0767366959217352 0.00927842911729846 0.01346627330536 -1 -0 
34.3783 21.3997 0.0940007291873769 0.0109700413412669 0.0244883268619907 0.00976799501085566 0.00993579299284812 0.0100226065152469 0.0105908625106598 0.0138905920183625 0.017441437283408 0.0202764697978564 0.00964966873520546 0.0185934906310866 0.0032416260259476 0.00268375386339157 -1 -0 
34.3783 27.1236 0.0667017400560124 0.00984026116858298 0.0144758757383054 0.00835811045766189 0.00667224684187617 0.00732281706596985 0.00572424819130531 0.00759970771766176 0.00471437079531441 0.00767789443006736 0.000380854513591006 0.000284544444922734 0.00114962057625136 0.00131428433770455 -1 -0 
34.3783 34.3783 0.0508366887118993 0.00822487402353089 0.00679466922638413 0.00523039978973784 0.0025926248401607 0.00350194667777587 0.0016473124690382 0.00301572977397875 0.000604631352539681 0.00123545620266718 0.000140406808446981 9.59764493088886e-05 0.000395442244779374 0.000519646573299623 -1 -0 
34.3783 43.5735 0.0351229904637686 0.00711014744608644 0.00303002670335866 0.0028154602496655 0.0015510613871271 0.00164517536573696 0.000429270564781429 0.000541946813413096 0.00011492350924843 0.00010897731984079 9.93565748812378e-05 0.000101115521956954 6.30090323121597e-05 0.000100803950727035 -1 -0 
34.3783 55.2281 0.0242818710109339 0.00686823752712219 0.00155686477057757 0.00120083492177402 0.000217832024086784 0.000262047314999121 7.53022830659751e-05 8.79259675908217e-05 8.32749192827487e-05 9.34798771078342e-05 4.79923066878986e-05 6.28432031537498e-05 2.55852236509707e-05 3.40263014990198e-05 -1 -0 
43.5735 2 0.714120853091417 0.0358226585058356 2.93251351870536 0.467732850357654 23.7203339928195 8.06479889389376 276.056255063476 164.51211942595 4009.73512682612 3639.91511439587 67116.3837192254 84089.8243532111 1231155.50298754 1986970.18992393 -1 -0 
43.5735 2.53494 0.573396246280853 0.0298671937032021 1.78698844536522 0.323081432810764 11.1123801297014 4.3240262848513 99.4476987907195 65.2208921657317 1095.32906387761 1053.07397300182 13679.6184147524 17738.5815934578 184636.84126256 306376.915580026 -1 -0 
43.5735 3.21296 0.46891931501888 0.0238047878527188 1.12770303143863 0.263606364811416 5.51374006804834 3.20352033587662 40.5505677799837 42.0636536395544 381.455009819169 578.251929607304 4159.99380299185 8121.0398950104 49324.5927050988 114476.626418136 -1 -0 
43.5735 4.07234 0.386829799368626 0.0229760332595732 0.70011647564741 0.135123013988342 2.40566790007785 1.03764790689264 11.7680028467762 9.28500601303829 71.4275805485557 91.0354431650648 506.75465205404 941.40052234535 3982.99695210093 9991.52392545305 -1 -0 
43.5735 5.16157 0.309035445578486 0.017830949104674 0.40586826429259 0.0723960444633717 0.934010021073459 0.340331297612836 2.84425923442864 1.75583508027883 10.0192068491494 9.61473691051707 38.3276836163748 54.5776530857423 199.685197868471 346.507358567204 -1 -0 
43.5735 6.54213 0.251529214511065 0.0156897010798589 0.246650366921543 0.0535668774643403 0.410102735567524 0.190274389898231 0.901759618793126 0.749355541504829 2.37972033395787 3.2128483821358 8.64464192091195 15.4058062161494 39.8800017720713 80.7004288230581 -1 -0 
43.5735 8.29196 0.205122351900218 0.011867211127711 0.157978607163022 0.032410857211489 0.207904629141396 0.091364809052916 0.35527812058731 0.271639925841946 0.807503785504465 0.827372161809647 2.0849177218356 2.63589993615678 8.27581443533941 8.41103669754762 -1 -0 
43.5735 10.5098 0.166724467928311 0.0121658677936657 0.0938389271140443 0.0247278847615278 0.0883042193778134 0.0544170661067373 0.124160996534449 0.124928945648719 0.292888813734609 0.313011249722208 0.745057194496852 0.756500813898651 2.02476498331092 1.64601107523916 -1 -0 
43.5735 13.3209 0.124150999296495 0.0101110034691557 0.0469876082761801 0.0134211130056109 0.0265367698247744 0.0189316232580647 0.0242305293234776 0.0243110608719178 0.033880653081059 0.0281867480526119 0.037028457385039 0.0350857254622023 0.0157934580786804 0.0118873193686373 -1 -0 
43.5735 16.8838 0.0962329763280345 0.0103061040295877 0.0275061188822319 0.0104027979350256 0.0135638829220402 0.0108288664094586 0.0137557472226342 0.0134124711961292 0.0189179443866491 0.0165617902441661 0.00997827521607363 0.0154161536154135 0.00327299641969989 0.00339563198534215 -1 -0 
43.5735 21.3997 0.075538602161827 0.00948536863546597 0.0153731496338434 0.00551333166665818 0.00442111458645335 0.00323955574378243 0.00265350238204234 0.00316750793341349 0.00235705711194738 0.002569800531947 0.00048813098523105 0.000413785287732969 0.00209502642007034 0.00198087802025229 -1 -0 
43.5735 27.1236 0.0568147461722679 0.00857436359617283 0.00728588503316257 0.00371599001121093 0.00158365059577622 0.001770126026371 0.000881290528047475 0.000840527710305526 0.000139754045652975 0.000184625150979063 0.000388340793153245 0.000499607988222244 0.000536370822545821 0.000682592747978899 -1 -0 
43.5735 34.3783 0.0425256572174983 0.0083303896500178 0.00449421583490538 0.0046393112725999 0.00283831449125757 0.00443570324735525 0.00211421532275576 0.00331821465463749 0.000277815855889305 0.000478866907524815 0.000161771618895323 0.000197277360564064 0.000133631241382532 0.000147250438002384 -1 -0 
43.5735 43.5735 0.0284830472617691 0.00682352132464753 0.00244843734267986 0.00240575243127104 0.000923854790036709 0.00123794488356778 0.000196783021878625 0.000271811257566273 5.80184061196162e-05 5.31616557775071e-05 4.9202446644062e-05 4.94647861475096e-05 5.8476208947726e-05 0.000102651311745114 -1 -0 
43.5735 55.2281 0.0209487206156174 0.00672335211764512 0.00173889133229482 0.00204720523376377 0.000633835394905925 0.000750046691081491 4.60687948654328e-05 3.63193523864104e-05 3.71354018280679e-05 5.1488551422347e-05 2.64032402380662e-05 3.73839447031644e-05 3.99314482588052e-05 8.28789788996122e-05 -1 -0 
55.2281 2 0.571847098468737 0.0238247380389432 1.9199141434069 0.330400132370279 12.7873494140772 5.03676312354301 121.717415328895 80.7080008923821 1418.69572389578 1337.17006473401 18597.4360816751 22664.8189787257 260660.966077807 389896.956945913 -1 -0 
55.2281 2.53494 0.455204936696673 0.0180764154490986 1.08843719221029 0.170147800726563 5.01777292029904 1.98883940975846 33.4955945873873 26.1102792531284 282.722222382786 366.390613836012 2785.79213294759 5337.98719435848 30423.1668130881 79138.3320518981 -1 -0 
55.2281 3.21296 0.369097388761234 0.0182344690889803 0.662845334643282 0.101778759777574 2.22667205401344 0.717134012094651 10.4647779915585 5.70828621538612 59.67546641324 47.6076466915719 379.182495798484 400.977031902435 2631.7468007077 3366.78122321796 -1 -0 
55.2281 4.07234 0.29976868340217 0.0160197736755191 0.419468916456386 0.083887633389146 1.11078649709538 0.502743534316199 4.21438730597568 3.36232279349426 19.8583480645269 24.1218725134689 106.001378215343 178.514524272739 682.119056966409 1387.56781984598 -1 -0 
55.2281 5.16157 0.24875437855254 0.0148597725177433 0.270372380452565 0.0542532363829204 0.54022373255951 0.228364317191285 1.48170629495635 1.0298372468612 4.75766127306115 4.72598285440011 18.3130664697595 21.7626207562524 72.9095194133424 98.123214661949 -1 -0 
55.2281 6.54213 0.204144604366605 0.0122799208207484 0.167164228270917 0.0379779260534876 0.237721923017566 0.119680448960598 0.451079857194381 0.392619891081138 1.10936106650182 1.34563514531964 3.92832057786979 5.08362143035374 16.979911900447 19.6344798749197 -1 -0 
55.2281 8.29196 0.162179456579233 0.00922860886987183 0.0941159638318397 0.0159036098296477 0.0869857443741006 0.0316634699805486 0.0967234515141671 0.0694099592751595 0.145950520237168 0.156646977051294 0.297131170070081 0.397195622526746 0.962242734555162 0.955234307885109 -1 -0 
55.2281 10.5098 0.131498609718898 0.0103949382269555 0.0574860151605261 0.0139471554163609 0.0381425113982601 0.0248291423008525 0.0384919915597758 0.0583119699420439 0.0974037059866439 0.19091626571712 0.337257670224737 0.6109398924854 0.730938086998599 1.49021231875204 -1 -0 
55.2281 13.3209 0.102070650235781 0.0118245962661806 0.0342006842365894 0.011184204741762 0.0173394859642148 0.012151283545651 0.0123196021520446 0.0159563205533842 0.0191248811316046 0.0267001344479658 0.0543199639376739 0.048094759144802 0.00541375115806633 0.00577275294820325 -1 -0 
55.2281 16.8838 0.0763964739752896 0.00787673125155798 0.0157361811121763 0.0060071380313315 0.00665600077373907 0.00678472281557957 0.00686238055586876 0.00957040479613475 0.00601419711264672 0.0109117932490931 0.00299098897676429 0.00764513622777583 0.00141766653615677 0.00117927149109311 -1 -0 
55.2281 21.3997 0.0634686343231796 0.00825248144028942 0.0103705352300303 0.00395802085331984 0.00251223716242967 0.00245751542031051 0.00185197309393608 0.00205840254632817 0.000788325823826092 0.00101104824629845 0.000657319026575203 0.000555855571134051 0.000824640127476875 0.000780974654384997 -1 -0 
55.2281 27.1236 0.0455646316717465 0.00724322838600999 0.00435671022953855 0.00280649450880795 0.00100996400593001 0.000796782317060032 0.000291415044288703 0.000309445603290726 0.000111129835139229 0.000135671752722949 0.000130937438441258 0.000169108968887104 0.000207220885460549 0.000236001985642212 -1 -0 
55.2281 34.3783 0.0356201748986605 0.00770502079176746 0.00388180626689787 0.00330046592852131 0.0020550763483844 0.00285479735399829 0.000941550563581357 0.00164587465348447 0.000190787062500692 0.000303847379539761 7.57534805235155e-05 7.68702782710797e-05 0.000107968524720427 0.000190204548877376 -1 -0 
55.2281 43.5735 0.0226374126678546 0.00402960507618568 0.00161089884554883 0.00149186091125261 0.000410363937199004 0.000781584058152971 0.000121494771965754 0.000194211403577311 3.37079358499476e-05 2.44124875189316e-05 2.28844593221305e-05 3.25506874988802e-05 1.46862449852381e-05 1.55789019110063e-05 -1 -0 
55.2281 55.2281 0.0140142838427796 0.00446255926015871 0.000830929304327728 0.000635297634647233 7.96121849291539e-05 0.000105747649296378 3.42028572310632e-05 3.27530188431361e-05 1.39181285494942e-05 1.25590472002238e-05 1.07307490713618e-05 1.6331661862504e-05 4.26998708512282e-06 6.46936743353459e-06 -1 -0 
