2 2 1 0 7.08524864962115 0.623852415437552 103.181033275846 29.4218766517077 2189.74824161059 1371.13652382674 58930.7640298054 65858.6364138359 1867860.2717662 3217461.37660381 66560123.9182382 158611286.364341 2581182494.93612 7859549226.06611 
2 2.53494 1 0 6.87998361031163 0.85119713171493 100.309093997154 36.5605979721749 2166.41071237773 1455.2005281497 58934.7169424476 58442.7383834294 1844937.4992204 2386046.25810669 63029336.5719222 98714747.7651596 2271470718.75264 4120874964.04195 
2 3.21296 1 0 6.28148555970543 0.715554068825871 82.5120985222964 31.1624905795523 1616.93738182475 1276.22021064681 40486.3193321015 52957.4659159631 1190291.20246749 2228708.06707011 39054819.7193619 94648297.9001478 1355495195.67137 4036582739.24179 
2 4.07234 1 0 6.09164842774261 1.02932169249085 83.581408988155 49.1836346724354 1871.47651152411 2120.90012518045 55974.0222165186 90672.3187946946 1959534.79392468 3898917.26538292 74582217.5295234 168751552.429127 5484666052.61919 9434067759.68714 
2 5.16157 1 0 5.6464811819248 0.786688447582191 68.8912735059369 33.5126485041704 1329.12348739199 1327.66149157834 34019.3012977894 52892.8992855886 1030995.46201229 2128951.30541641 34529918.3539086 86269574.8282554 4576121168.71234 6194027442.65674 
2 6.54213 1 0 5.11127620977883 0.485449228301746 51.4706877630742 16.8039093900461 760.292292866819 541.180493365125 14422.4144098351 17532.2984765171 324913.144936003 572722.465645104 8235215.46625654 18788918.5467131 -1 -0 
2 8.29196 1 0 5.11384059142969 0.707602298279752 53.6161310601703 24.1322755771322 853.91013891283 750.744023977992 17515.1631709861 23157.985167895 415451.642793863 714010.386020997 10673271.7934347 21971259.1680272 -1 -0 
2 10.5098 1 0 4.80485905380259 0.623218585676065 45.8462894861898 19.8955040020556 657.986916138333 575.451772449299 12325.3483601254 16702.5404250172 273187.386624457 491758.797173952 6693421.72003217 14617070.4374013 -1 -0 
2 13.3209 1 0 4.66110819515089 0.425587484132319 41.2101463271623 11.4192142165769 509.512574835817 267.96308274649 7632.28010458095 6154.97007305071 128080.633982733 140761.333536015 2292479.37303184 3196456.48581314 -1 -0 
2 16.8838 1 0 4.43424042411785 0.436816131897669 37.8847999970186 12.4236573423951 475.168052174857 318.299258206159 7573.38613859159 8061.88647782866 139421.368400974 203594.67907058 2892213.12389904 5168315.59045478 -1 -0 
2 21.3997 1 0 4.44135514420081 0.497253080976091 37.2696826732609 12.0506312615421 437.022050009083 258.303475897845 6164.53565318178 5413.00399978912 95555.7379185078 111851.252354052 1656435.7117153 2298437.37982241 -1 -0 
2 27.1236 1 0 4.3301283218816 0.488743533362316 35.0879326521897 13.5097911616268 401.234389978215 337.094942441829 5654.64431163785 8324.68687659326 103002.74731093 215236.500485635 2298647.95901174 5821895.62781818 -1 -0 
2 34.3783 1 0 4.17204928128541 0.409143111636991 31.5206482519804 10.3431466332082 327.290116761866 232.179724888839 4308.80104834067 4909.51119387772 75440.6087249138 104571.983974531 1769225.82774392 2249330.87428421 -1 -0 
2 43.5735 1 0 4.37845079081316 0.620954530060377 34.7545673315339 15.2552584543356 359.980058758503 322.168265047095 5214.22907818905 6696.72348437572 101849.496941723 145734.7043283 1793029.42269083 2714560.96189003 -1 -0 
2 55.2281 1 0 4.5435697624402 0.755462066998027 35.9293496740372 18.2080094906331 389.447300935436 396.010419673253 6362.89997463879 9417.34979554792 161014.950005553 252906.619072558 2906539.51413601 5420664.85018474 -1 -0 
2.53494 2 1 0 6.96361625044331 0.710091725910452 100.256985005867 31.2929476964925 2096.3549815106 1253.50688345021 54881.6379331369 50070.6816148252 1659434.45383512 2020914.45643495 55134934.9679033 82463692.7065629 1947006712.69871 3395184661.53245 
2.53494 2.53494 1 0 6.57316783046004 0.840848231780941 93.5060086827327 41.8622637421036 2066.03037439323 1920.39250789034 60054.0461612697 87703.1943494787 2063710.10114359 4026292.78631242 78404294.5435176 185911750.651452 3153358326.43125 8621219056.89901 
2.53494 3.21296 1 0 6.03401142978763 0.771990779316678 74.5661542357819 34.3790940498042 1374.52843099506 1502.57803864561 33475.4075469949 68082.0936722297 1007668.11744711 3153375.3263481 35456949.714947 147590757.244211 1478282236.04004 7294388593.61985 
2.53494 4.07234 1 0 5.86032903251637 1.14247483673741 75.4518559230234 53.2321383270618 1537.60053646022 2179.40111065946 41332.8821021535 86558.3465716777 1303405.5653481 3404747.96849676 44913693.7214581 133432861.988395 5988438558.04994 9183808449.97346 
2.53494 5.16157 1 0 5.50784836134007 0.720968923364521 64.7005839403373 28.6286554563544 1168.87084328902 1027.49585283084 27424.6666494013 36410.8316955042 753523.624832622 1290517.19046559 22734051.8532269 45824956.4595378 2101416174.6805 1605094725.77342 
2.53494 6.54213 1 0 5.1512061589853 0.713501344624955 56.3997290096798 26.95772670199 981.242331175528 919.643320091451 22624.056267763 30836.8500793301 609700.702346752 1029302.62496345 17833494.0733325 34276905.93701 -1 -0 
2.53494 8.29196 1 0 4.7689691465551 0.514827050028348 45.3465256034182 16.3175012618995 647.800000445303 479.107806181724 11994.8307907882 14169.2852913527 261132.057010805 425034.182051314 6265400.70133311 12890582.65944 -1 -0 
2.53494 10.5098 1 0 4.66733596840343 0.691363077715421 44.1264472822491 20.9570127075102 636.213867052481 573.543875407651 11880.4359639686 15673.4378487007 258178.041844816 431926.414555552 6104937.08243017 11955239.6819893 -1 -0 
2.53494 13.3209 1 0 4.37086881337539 0.449993789943826 36.074188457262 11.6558359539192 424.070197364758 270.800868886742 6180.51992459634 6170.2140114533 102754.313560921 139325.855048901 1841154.23294884 3109527.65306324 -1 -0 
2.53494 16.8838 1 0 4.27809060823849 0.452620301796104 33.7264015509872 11.1796257311008 372.460525215624 247.333241083918 5076.96109739392 5401.39062322971 78909.5532861838 117395.392941791 1400595.80416315 2575984.5829248 -1 -0 
2.53494 21.3997 1 0 4.22296490671724 0.455319803252562 33.4793529426986 11.959057770916 378.092212839083 284.536502215286 5283.19573443903 6738.24959117846 89223.8484776717 163475.20864588 1697265.27221168 4034236.80259087 -1 -0 
2.53494 27.1236 1 0 4.23114866387262 0.511335802917257 33.517680128973 15.0120825639555 370.8487489963 381.190572167983 4946.06797346038 9221.36357592075 81020.9992947944 223614.530283417 1855151.63727469 5815703.16204934 -1 -0 
2.53494 34.3783 1 0 4.07804131296411 0.486091801952633 29.3313186027926 9.67271117079443 274.59421053044 168.72365203041 3233.60956266851 2729.03984020869 44736.7737344802 43404.6564346022 656112.190821989 580785.674716521 -1 -0 
2.53494 43.5735 1 0 4.06031033676381 0.503100368765589 29.3379954233802 11.5490247911444 286.133569983487 225.475695909729 4063.37641378523 4351.98481626198 80762.5271213875 72364.3092177591 969829.001721856 999849.99581771 -1 -0 
2.53494 55.2281 1 0 4.5605963269801 0.887361728723837 36.8593545208958 18.5897938832042 429.365882412384 316.319637012208 5773.00721363209 5390.45500061236 86993.8187827333 93905.236154131 592909.242629316 772908.888122894 -1 -0 
3.21296 2 1 0 6.92066895950197 1.00246016075783 106.961275161809 49.1407310156225 2595.48734562146 2252.41404723688 81639.9096261076 104182.993056692 2969893.78281298 4878866.53196726 117432028.408181 230529277.056866 4878851853.38022 10954809138.2225 
3.21296 2.53494 1 0 6.57119740593669 0.777971364318115 95.4248526720628 35.6900596250326 2123.05570112673 1515.10235694737 59852.4696266412 65087.1664166 1930739.54659617 2847826.42759784 67621093.138723 126388965.157658 2471792734.87637 5660565578.97373 
3.21296 3.21296 1 0 5.75240736449386 0.590432509693642 68.2402519910172 23.509296489567 1221.16838399131 898.669132977418 28396.4150063363 34473.8681976563 782376.818679626 1325333.5138776 24023681.8665332 51036410.7292844 1379811441.09152 2588073019.99105 
3.21296 4.07234 1 0 5.46759914358065 0.652497422572791 60.9107179867028 22.8327103760745 1001.022751004 725.976063379998 20799.1094076803 22979.4039786392 499833.597794865 733562.987003194 13158330.931491 23635245.6859195 1455396374.88439 1058602709.84655 
3.21296 5.16157 1 0 5.26356851122425 0.750152972631154 58.5577586957774 27.7949614498237 1001.08977920108 927.311169882876 22146.6481447964 30491.239072755 571196.604583381 1001962.05341927 16127657.3623664 32964876.6621121 -1 -0 
3.21296 6.54213 1 0 4.76223936242274 0.567056696178301 45.0868057430721 20.049201837509 643.552308754486 670.222945339781 12123.9799917156 22968.2070067685 277745.932238873 802047.622797294 7299920.32510036 28220340.7631936 -1 -0 
3.21296 8.29196 1 0 4.54241328803509 0.506312966275862 41.0314468027114 15.1069975863077 555.324867824621 409.095153847821 9646.94825910037 11101.4698133532 195332.89594702 304277.788899612 4338362.85423628 8379134.85812432 -1 -0 
3.21296 10.5098 1 0 4.43205372306007 0.538433838450738 38.7703518100149 15.9127844740656 513.864677609858 426.739530398841 8867.4605973252 11391.8526750822 179417.009043836 305365.111649613 3971321.15397325 8188107.42492971 -1 -0 
3.21296 13.3209 1 0 4.15729596287578 0.466908217645968 32.7611704211816 11.2471757280101 373.004743202772 235.184098119946 5269.51200170299 4822.54913076397 83880.352900793 98915.1945073907 1440610.80002277 2033687.53610282 -1 -0 
3.21296 16.8838 1 0 4.09157282568724 0.592650067929336 32.6162284840834 17.4141344818277 400.723534978462 473.092797232972 6600.8749306007 12700.1363103087 130556.095174382 337419.527836855 3237433.81258727 9333383.93066452 -1 -0 
3.21296 21.3997 1 0 4.17451860374929 0.481510311468446 32.70267908213 11.3176684241451 356.751416852597 245.954264089725 4672.44234374348 5369.09914374605 71891.4841022705 119921.419072345 1372209.27621887 2863650.25826439 -1 -0 
3.21296 27.1236 1 0 3.93674104145105 0.420893783855524 27.6218196855891 9.25544456482916 257.838018379968 186.213045560349 2940.84570102828 3742.78799771959 42580.7173756636 81328.9341495847 827510.946836033 2021790.83951223 -1 -0 
3.21296 34.3783 1 0 3.92957325428246 0.55869364156518 27.3312505920826 12.6650438787328 262.414155697303 248.249490402036 3890.5356795798 4802.45515454471 79480.829231678 95429.3463926434 1403010.75676649 1637727.12710875 -1 -0 
3.21296 43.5735 1 0 3.98639750529122 0.628672439765936 27.2207682464706 12.4232979371862 245.590029010743 219.215498083417 3631.9258928637 3916.17737818156 54054.3221661857 81819.7385513848 1291006.28055793 2382061.3817304 -1 -0 
3.21296 55.2281 1 0 3.74453801944623 0.910123800535891 25.3028443348993 20.6095889639095 389.426215824008 526.475156383666 8697.46043508983 14426.1431348391 174631.267982935 341581.931006871 1565083.99296071 4144060.38064616 -1 -0 
4.07234 2 1 0 6.85348423834096 0.778702709674534 103.539432714713 36.7415497392584 2392.3214179227 1580.83755812296 70255.5586142128 67899.7551728078 2361968.33057628 2934198.49112105 85873644.6853421 127276575.482859 3259940868.70382 5526135454.64392 
4.07234 2.53494 1 0 5.90010110422133 0.645223024385495 70.1096054602274 26.6505242125907 1224.52962139628 1105.79200446919 27708.0869892616 48226.1418199361 762499.534612964 2149885.17677261 24442659.8519994 96407621.7938534 1056088878.69243 4872962602.34564 
4.07234 3.21296 1 0 5.55554956832484 0.500375871147879 62.5568035197069 17.1767437986448 1026.07069789683 526.917790356225 20883.4649512084 15800.6981528138 482712.023107531 470561.177449943 12047145.9461021 13976677.1847507 464137799.072301 387543868.825022 
4.07234 4.07234 1 0 5.57865962833632 0.728851206378885 71.1798433381989 29.5328648133738 1453.22473955592 1089.65714256865 37810.3499441263 39564.1305936629 1107545.24082208 1434678.13947977 34456651.1687601 52194889.6433381 2135783067.7178 2368175137.89405 
4.07234 5.16157 1 0 4.79444892888892 0.435770902612367 44.8945215265036 13.8781550894114 619.480975260012 401.924923024717 10985.9220321248 11528.3311929427 229242.304770642 330727.721329654 5297181.23692066 9486871.44789787 -1 -0 
4.07234 6.54213 1 0 4.47388065888709 0.345171194724682 37.7814130454466 8.92219751468087 454.040801242111 207.354108302014 6756.97767664633 4761.71323212362 114699.914456308 109332.389316503 2108685.03277086 2509011.28497561 -1 -0 
4.07234 8.29196 1 0 4.15264803819651 0.30674328959066 31.1887098406538 7.93402670545206 327.501980378695 191.425797271635 4291.55686908468 4673.90042009521 65935.0288969918 115692.832220696 1138885.82974102 2878673.57822142 -1 -0 
4.07234 10.5098 1 0 4.24258559855352 0.60731751599516 35.3775687833105 17.3230973754245 448.005968228059 451.440188104948 7431.17727429778 11834.6878711806 145739.296308315 313491.355053927 3151292.8593666 8329865.820383 -1 -0 
4.07234 13.3209 1 0 3.96255963726863 0.440565451534579 28.4196170580887 9.92069133405537 287.133124979672 210.514367460305 3615.97774833309 4589.99568948138 52598.0337653527 102292.731102685 853515.540026149 2310586.948301 -1 -0 
4.07234 16.8838 1 0 3.93803549114802 0.494756737285518 28.5127383494574 11.9499214249582 294.743935025181 251.450796292501 3800.59967187669 5123.59975588336 58126.54430436 103834.601113411 1011146.82268011 2106228.06626662 -1 -0 
4.07234 21.3997 1 0 3.82530204156729 0.465382873196965 26.1467644477135 10.092053850793 244.159414718546 194.592386262494 2771.18457638251 3708.14051064542 37515.4104761981 72106.0790257775 762560.969119444 1580868.64702489 -1 -0 
4.07234 27.1236 1 0 3.8560151240823 0.415401094265752 26.4313531370605 8.37953953642753 238.6268856834 156.087251471312 2577.27683089047 2900.98027140578 34799.380703578 57816.5737664135 651223.068353245 1336209.39401317 -1 -0 
4.07234 34.3783 1 0 3.90158103344454 0.642192289850815 28.4915546180453 14.8158211044137 312.115023932737 304.97670710227 5423.43887075251 6603.21517003759 89814.1128897717 139657.772567362 2089658.00739684 3041256.31990885 -1 -0 
4.07234 43.5735 1 0 3.94690551386507 0.645878119157323 26.3477462816871 11.3703789117911 213.637008355304 161.58441153945 2488.38980634404 1932.22846909501 22887.6981706767 17963.6209199968 25992.1946345037 -nan -1 -0 
4.07234 55.2281 1 0 3.99254456523719 1.00684273454939 32.3129137724222 21.8001987233242 443.002587062945 467.740408913981 7861.12151181751 9461.63997772426 124945.093525953 158536.986382221 527237.815676213 826078.098021189 -1 -0 
5.16157 2 1 0 6.20823798883508 0.666169715761526 78.1474432322607 27.939291403416 1451.21949965605 1171.38214472371 34873.5395484135 51295.6662436124 1007467.8848414 2304807.5378919 33261404.0579428 104904526.43934 1179706305.44484 4799055704.88752 
5.16157 2.53494 1 0 5.80921888818578 0.521720900700506 66.0660196500294 17.8990038817659 1056.93085212922 575.142896702444 20797.630737197 19281.0837339316 471371.361568417 676776.87004542 11863429.8313656 24460565.8402938 447996834.948795 1207792518.83482 
5.16157 3.21296 1 0 5.39359534118073 0.570843270257109 60.0148071113649 21.7401631244164 1022.27329333524 748.240647323359 22614.9413278853 25288.9102799269 582880.123147683 852804.844952007 16394185.2992677 28824145.4686568 1507727658.9738 1328836696.50138 
5.16157 4.07234 1 0 4.98719295918657 0.50983592602656 49.2810562729361 18.0012154330942 721.680831151779 587.812435042779 13706.4768557349 19128.95776175 311731.225022358 623364.953288007 8016380.38501539 20325717.7003439 -1 -0 
5.16157 5.16157 1 0 4.78807609675034 0.629377595380964 45.8512007209088 19.740193677591 654.758109042633 535.718090695943 11899.7033065167 14109.1302357734 249111.619798759 369171.392248857 5651734.73008444 9645851.58512348 -1 -0 
5.16157 6.54213 1 0 4.70320086374104 0.848114791510801 48.9950100062976 28.8093333171925 832.089065617874 882.749901315485 18359.3975613425 26997.5780503382 460523.065393332 834421.805140169 12315560.3276011 26001728.8196499 -1 -0 
5.16157 8.29196 1 0 4.33425666420151 0.596844966026172 37.9837819784525 18.7116817420344 515.298287880412 519.896683079347 9150.62149628612 14156.5993418438 189676.97613287 383503.75155401 4275158.80241258 10334404.757719 -1 -0 
5.16157 10.5098 1 0 3.93272908221921 0.399931296925943 28.3684687873212 9.42165227585102 291.093007160522 193.397435293292 3714.95578763618 3862.5104438074 54068.1731134377 76506.3689359337 843914.111312674 1499540.3153338 -1 -0 
5.16157 13.3209 1 0 3.78257097079985 0.371035973680844 25.646725436288 8.51260334091596 244.006634043695 171.278330882984 2871.177688417 3332.46182404238 39257.7700748746 64155.6082106113 642117.286487441 1265724.67640499 -1 -0 
5.16157 16.8838 1 0 3.74103302406312 0.302970590222138 24.4191939612608 5.87235366071512 212.959615208525 101.636232826631 2161.0289044515 1737.43286989074 24805.8177805399 29366.5734012072 390124.118448221 527880.897404576 -1 -0 
5.16157 21.3997 1 0 3.62772357069707 0.453273560955939 22.6510094626899 8.47250250075479 190.64358996357 136.946558010667 2139.89842547652 2171.48787658427 31199.42133201 36474.0139234992 468690.65810902 637864.710028999 -1 -0 
5.16157 27.1236 1 0 3.43127809121074 0.432207069418853 18.8736439416792 7.26917396708242 125.314322280946 103.641550668122 1186.82573305266 1452.58185143663 18886.3047411011 22298.9083165015 267650.155017785 340842.39252984 -1 -0 
5.16157 34.3783 1 0 3.58557642929048 0.499425463532643 20.541124084373 9.30380710284284 144.870340503791 144.735424386799 1644.75090019034 2272.47942436129 18849.5403116734 31635.5839454556 99574.5310751168 113413.693617648 -1 -0 
5.16157 43.5735 1 0 3.69382502417095 0.742906493266557 22.2321034873943 13.599745365894 209.760106786031 189.956295167129 2540.72524313105 2694.78499156875 28208.0052034687 28477.8845982402 67003.8414953306 51017.4613194602 -1 -0 
5.16157 55.2281 1 0 3.66637068561544 0.897462630476388 20.7199072333033 16.0339834614048 228.460941579579 300.733249834694 5290.01853427996 6967.10915027053 25186.4597085039 62214.205547904 262536.90652589 187807.934921565 -1 -0 
6.54213 2 1 0 6.22166883180121 0.578615626140155 79.0195338663096 22.2734566991858 1443.68016040611 790.961933783715 32463.4308512788 28160.3994866433 830499.616721437 1011561.40531477 23169533.4255585 36593821.1598236 703583622.136782 1387371466.29273 
6.54213 2.53494 1 0 5.78854208536203 0.559949841119918 68.3860309081784 19.1504321554066 1176.75158934697 627.669445871495 25259.1740584693 21148.6108786056 622941.504033848 726375.910309536 16834754.8360795 25171289.7711466 969091900.335389 1218369068.97177 
6.54213 3.21296 1 0 5.41497051996205 0.639870856879601 60.6512293419375 22.7596743422671 1019.06357138357 733.545336308269 21660.6451601877 23912.5733234538 528430.717186789 803014.740884838 14038117.6015895 27703112.4429664 4323677055.74168 -nan 
6.54213 4.07234 1 0 4.82117001116248 0.510424180867525 45.5269396831673 15.8248745198568 637.772025865344 447.659701898525 11471.8045664853 12611.3141209235 241073.380871244 357387.532296108 5571030.1175224 10179058.3369212 -1 -0 
6.54213 5.16157 1 0 4.64133211266702 0.644046711632247 44.3654002822716 20.8703325949343 666.463229594277 613.320182974482 13236.9258214359 17866.1576470369 307851.573272158 521222.810965732 7787737.59045959 15226595.4920327 -1 -0 
6.54213 6.54213 1 0 4.31147523385908 0.613891570236758 35.9148198566783 17.3314867830362 438.82447503604 428.229070091637 6792.63667169443 10418.9963361113 121634.907907569 254314.486356573 2375490.89324133 6220055.510974 -1 -0 
6.54213 8.29196 1 0 4.05216260662384 0.530860561974953 31.7246298714794 13.7777656500043 375.146110748294 322.640907171604 5739.88711390067 7594.51480820007 102168.272341271 180823.172594661 1978078.67313684 4316765.69613965 -1 -0 
6.54213 10.5098 1 0 3.80026485252714 0.363411865324914 26.1545104755823 7.56213002550316 252.126861742951 137.752295411353 2962.34189811431 2439.87915994625 38854.2618333722 42647.8052927242 556532.017930145 737544.093238194 -1 -0 
6.54213 13.3209 1 0 3.64838944185072 0.387385974156562 23.5586315863591 7.57114043073013 209.416461858223 126.949196968906 2226.38396679346 2059.11705196079 27392.4610724072 33282.5698663105 375687.315599334 549218.362261191 -1 -0 
6.54213 16.8838 1 0 3.47486192930753 0.371046197603087 20.4940248757988 7.14636243255028 160.325234064685 116.597261614027 1451.06973966593 1802.32778074519 18366.7688289575 29295.8310018356 277482.03905586 492739.557558756 -1 -0 
6.54213 21.3997 1 0 3.37593113682705 0.438435823707386 19.6072885309779 8.34333051542911 156.001426405098 143.759249902166 1754.43853414373 2469.40695156408 31987.4452093217 46336.0174389988 520086.510462788 803828.12578256 -1 -0 
6.54213 27.1236 1 0 3.44811830975935 0.512271900483154 19.6379324580617 9.51228600949201 150.223340702704 158.023125874874 1627.09579923341 2830.71286253308 32104.8049598334 60773.4353659885 805013.173569219 1305417.23431371 -1 -0 
6.54213 34.3783 1 0 3.50509949325314 0.618977992057393 20.3745156465094 11.5961766054543 192.458166895014 179.27794761134 3183.28009881769 2679.21995421555 41512.3675368884 34507.6807151726 169470.844191687 360764.091375529 -1 -0 
6.54213 43.5735 1 0 3.36059496795477 0.682833647743984 18.1111772101667 10.4956518908983 148.929219968394 150.320035048663 2593.01986397451 2923.17083152593 26293.9872076133 40221.6106313903 100020.434756912 96050.2778573559 -1 -0 
6.54213 55.2281 1 0 3.40667748304968 1.13518928956764 19.3361935706498 15.8746110145376 221.056458316922 177.990686178533 1727.15684775573 2080.26518330914 17503.1390455434 14359.9970749442 359144.081892202 295895.433295177 -1 -0 
8.29196 2 1 0 6.23405958286093 0.62868851784282 80.4380637827085 25.0640137482407 1503.46406893877 920.476793563691 34717.1875869472 34022.0046158092 915989.827220751 1274923.04000496 26486146.0307308 48282730.74699 890958689.984399 2061476825.82288 
8.29196 2.53494 1 0 5.61275561584292 0.651334164098047 64.1866315613213 24.4612308240828 1087.99632789083 906.701974582153 23753.2862114464 35024.4600460335 621079.096496091 1378687.07862212 18535075.7912759 54555581.6188984 3922313673.59082 5396974886.11306 
8.29196 3.21296 1 0 5.21142401835577 0.506393223322332 53.44208785255 15.0894285134011 783.73295623249 409.340303137534 14158.2629983812 11123.0778536289 290340.763074816 305357.600551577 6443601.82605815 8440110.63345708 -1 -0 
8.29196 4.07234 1 0 4.71783799325408 0.591335601576229 44.4084925731518 18.3741568697698 634.666884973554 525.443917390498 11860.3842706114 15002.7075177186 261412.166546325 429866.404187372 6341122.71271296 12341523.8281331 -1 -0 
8.29196 5.16157 1 0 4.348349785692 0.430799953080313 35.695836954896 11.7721482161924 421.020852457167 283.572878085449 6246.34266929418 6705.40188308294 107478.184890569 158520.2691924 2029499.7498507 3756651.43590962 -1 -0 
8.29196 6.54213 1 0 4.22204016528259 0.381082397461267 34.3070121411027 9.30323516221075 402.474253000236 201.439486926478 5796.57901253079 4286.40084963408 93286.3119403035 91051.8993801318 1588670.35704953 1929694.69788047 -1 -0 
8.29196 8.29196 1 0 3.89404802337216 0.377455245457248 27.7250160762465 8.05765873982854 277.193749670759 148.501257041334 3377.10810366769 2666.54045996571 45976.4685270062 47535.5040384536 658988.719252435 838032.257197592 -1 -0 
8.29196 10.5098 1 0 3.60262380815489 0.357659120587548 22.3822833652189 7.85539506064669 192.846390422935 156.640228759549 2108.44715613335 3075.01158690433 27590.756247034 59726.5747713659 521959.883152715 1266742.48087269 -1 -0 
8.29196 13.3209 1 0 3.44328501374148 0.40182465329936 20.8098810191654 7.97594766020635 177.834212725185 141.728084443999 1882.3855670208 2493.89644815567 25527.8483775469 45793.3017130647 414198.503221341 880834.241134888 -1 -0 
8.29196 16.8838 1 0 3.45914690182202 0.469632769669938 21.1420489115876 9.11113929558566 178.945717673366 162.950325882243 1818.73276438237 2915.36172536749 27040.0088563482 57566.3493888081 614466.736287305 1295297.55730483 -1 -0 
8.29196 21.3997 1 0 3.28308442240829 0.54253372854701 18.3019234828795 9.56537351897313 146.33001639672 149.751574769044 1873.04391417366 2516.85690023967 29083.3623001384 43411.0963296922 431924.712317914 685394.169111223 -1 -0 
8.29196 27.1236 1 0 3.33821841790129 0.405729831170965 18.0193175657963 6.88155049510816 117.604964308666 100.144180555273 1283.704043465 1515.86873358061 17375.6482814038 26665.7453202505 332976.163688913 464881.872539137 -1 -0 
8.29196 34.3783 1 0 3.15371591083643 0.514420665043119 14.0627202271894 7.92455439916216 96.4863417208378 102.42808267763 1176.65980390121 1329.98025737089 12402.0601446256 9836.25746042837 34867.358380331 25811.6872524067 -1 -0 
8.29196 43.5735 1 0 3.52549530070394 0.729063003185238 19.1146904216477 12.7071476765335 205.645901681318 157.444853144394 1610.72648239288 2111.35939551207 14298.2543324974 19387.7462051666 151533.345737289 93582.3318525805 -1 -0 
8.29196 55.2281 1 0 3.13039350912977 1.23934058526108 18.3932038003794 17.9581514318024 314.816890367314 345.127231587808 3234.0668072761 4341.9091881824 18545.4314713796 12650.9244548343 327330.886600688 300764.609374373 -1 -0 
10.5098 2 1 0 6.16299758259327 0.502870758975076 77.1451124817889 16.534970204306 1361.30106731541 497.669760997464 28826.9362870633 15070.4463004283 678035.037094871 463967.144334644 17021232.8466952 14492458.727849 443788778.525387 489414173.896743 
10.5098 2.53494 1 0 5.56410754154167 0.538757345441737 63.0368737715518 18.4596430635355 1040.37011877756 587.939943419821 21340.6466573769 19095.8425657942 501204.694109727 632391.195748851 12877343.1818606 21173136.6544781 967581125.728992 544631212.561523 
10.5098 3.21296 1 0 5.19328995835245 0.680098385422607 56.5298886033112 23.4321501355009 940.141330683876 742.48743534368 19993.6747143776 23618.6243524622 489976.284038718 760765.761059484 13054188.8535271 24742025.6760525 -1 -0 
10.5098 4.07234 1 0 4.67586575455718 0.389074753623185 42.3851238485502 10.2706477882575 553.452843005469 255.567754285074 8956.71991613849 6494.79902924115 164928.485062406 167984.142542875 3286498.57851519 4383858.32635737 -1 -0 
10.5098 5.16157 1 0 4.41109698711234 0.572271809621017 38.7153089755077 18.1033061037913 523.942344140691 502.592023023383 9361.98983986803 13613.5461979827 197049.979415184 367337.752354003 4532426.79449162 9910054.74702797 -1 -0 
10.5098 6.54213 1 0 4.18924430657893 0.550594699010676 34.7370338850891 15.7755086947396 435.809216639323 407.73345911915 7080.05124424717 10499.3774263784 134853.131544409 271078.504134207 2823256.5186252 6975087.56156425 -1 -0 
10.5098 8.29196 1 0 3.74980929875283 0.392969379457143 25.505476842421 8.75884481678204 248.657413627714 175.417580223414 3044.7192758254 3508.26334711662 42813.6184484644 70762.0188958464 662650.737365461 1439555.51221648 -1 -0 
10.5098 10.5098 1 0 3.62893684083735 0.368587261488122 23.5365154039773 6.97236225148575 213.358225556374 117.522494480925 2337.00907833827 1926.1464641334 28000.3175638021 30627.068431539 386324.422343897 473211.47018728 -1 -0 
10.5098 13.3209 1 0 3.503584154887 0.38840875656022 21.4894744357408 7.04835440098061 178.170977414961 108.402425564413 1707.98195241483 1600.09084078913 20867.4181392217 23770.875470327 249440.325218441 368242.73156681 -1 -0 
10.5098 16.8838 1 0 3.2462015518086 0.356898339973828 17.6937272538024 5.72738041341188 127.212242268132 80.4444217045119 1201.00153777633 1083.0979096066 15017.7474380924 15910.2280663512 157241.197176999 250479.664220336 -1 -0 
10.5098 21.3997 1 0 3.1496772676874 0.534325653989839 16.1067236597924 9.20271502641861 126.408250716964 139.130790506347 1553.09134660892 2171.5136550011 24757.7942246128 34169.9531022487 397337.954684986 456308.496372446 -1 -0 
10.5098 27.1236 1 0 3.16616419408806 0.49266575160908 15.2288230369862 7.03087675758946 92.417827397913 78.5694356913534 858.29229513809 1009.06114914159 13925.6949488744 9146.69086813079 25812.6031373289 24367.9254688886 -1 -0 
10.5098 34.3783 1 0 3.06739787633028 0.725360376654239 15.6602110922257 12.1208949036934 186.71658338921 210.611182214028 4586.21023792229 2805.11831038107 22642.1602215194 24799.5833379772 43594.9391763965 36627.0171700705 -1 -0 
10.5098 43.5735 1 0 2.97585884198637 0.880553039475693 14.6239703962586 10.8162966357362 125.200104603069 129.480081998175 1434.68093588996 1025.3231270974 9365.1455750301 6572.15113766213 129427.539676156 95643.0680758597 -1 -0 
10.5098 55.2281 1 0 3.44985280815944 1.58314989086683 26.3951881590995 18.6543440241036 305.792571301434 308.373464489391 2420.78723393257 3255.40093626013 18170.9751549855 12836.8084580493 717089.102088873 689776.687601166 -1 -0 
13.3209 2 1 0 5.84311306451503 0.454034953510412 67.5335769364318 16.5932818662407 1121.73761351977 560.298785189272 23274.7279803605 18626.3473955168 557258.51478706 617207.28140427 14641413.8348354 20486914.9559027 882953928.77204 785997916.444281 
13.3209 2.53494 1 0 5.62154816026804 0.55755543540551 62.7693570134131 17.3009907319346 992.473772412069 489.704974244751 19139.1522139807 13824.5649338836 417007.438443447 393687.605443735 9818148.72318496 11310162.1270725 -1 -0 
13.3209 3.21296 1 0 5.15540059003396 0.683042259837098 54.9239751854129 24.8253685842911 878.156810263714 783.792385436823 17706.8188541058 23968.3873900448 408169.644983173 725686.559422434 10177844.6398372 21846213.489718 -1 -0 
13.3209 4.07234 1 0 4.76085425590362 0.519344590947463 45.3570930315888 15.7704632762741 638.343026546868 416.751155656011 11241.6467809114 10719.1494990594 225059.160095987 274255.741965967 4845734.46743323 7003527.00856571 -1 -0 
13.3209 5.16157 1 0 4.18781525420971 0.353827814068771 32.8265299371542 9.35716161645993 372.604891538266 218.185606562364 5346.21634449391 4914.62394600671 88646.9701987828 109075.973506796 1596927.1590206 2394278.58817104 -1 -0 
13.3209 6.54213 1 0 3.9084870128237 0.391876763871564 28.2059680224979 8.95056229850337 294.810683132594 178.899121394243 3864.48828224844 3479.56750017088 57546.514879851 66804.7506505531 928931.700096965 1267003.44983432 -1 -0 
13.3209 8.29196 1 0 3.85001002030467 0.481783335123999 27.5738331242435 10.1900723831134 281.906760367736 194.499061585366 3536.92949153047 3723.89659444292 49706.2278757327 71860.3965622304 800435.428056062 1418372.71862114 -1 -0 
13.3209 10.5098 1 0 3.46726500677391 0.440254314416244 21.2171154788266 9.22285422280716 184.188225214313 176.01858723048 2012.80965395876 3427.52589586666 27888.5492621612 70167.2966172519 515123.250116937 1556928.75766164 -1 -0 
13.3209 13.3209 1 0 3.34591162001575 0.423232948352839 19.5131495936862 8.30600376806988 157.72378242884 141.409166610309 1585.55745655731 2366.3110172968 24659.3290655234 43690.6502286752 452889.475230701 815962.736029705 -1 -0 
13.3209 16.8838 1 0 3.1391150343986 0.419583955919875 16.3082926963971 6.43072949167148 109.1907652251 82.6365267688108 951.196576373528 965.009482866353 9966.42023298254 10838.0830090876 104320.815297528 92926.7706185487 -1 -0 
13.3209 21.3997 1 0 2.98975390337771 0.341999500707388 12.2817934543357 4.09676435035249 52.4559960923872 34.0580615300471 305.266218736579 293.449594105616 2199.88078604236 2487.19757053815 5904.46380411862 2892.36550749604 -1 -0 
13.3209 27.1236 1 0 2.99016447789967 0.594137078375647 13.1856997642436 8.24403088061129 97.7033681009832 79.9681816583951 809.850958456462 661.666195944652 2574.74640002186 3389.37024617677 23896.2439347003 25850.4988176631 -1 -0 
13.3209 34.3783 1 0 2.99654155184645 0.785500690287384 17.3202685451335 11.6489727048816 170.035264808547 135.383906795451 1449.24903445278 1475.44922927257 6993.25580093756 11580.1910523533 68361.7660156656 38823.007246788 -1 -0 
13.3209 43.5735 1 0 3.03388520882293 1.23346428926641 18.0938192694591 20.24945028226 245.984515964702 410.150994813015 7257.08436701433 7648.98342186355 8900.76468114049 7859.74271827612 178703.220170796 143281.341336545 -1 -0 
13.3209 55.2281 1 0 3.02399902985636 1.25951702497547 17.9259503444624 17.1551517647292 204.58307716502 224.644334059991 914.221738299238 852.967303772395 36421.756084173 29734.8411674545 939677.693246703 872169.675687436 -1 -0 
16.8838 2 1 0 5.8191917785518 0.420101909827791 67.4520600543949 14.0566122916462 1117.88737929479 425.601748598487 22693.0808974241 12779.0848639081 518890.71041669 386001.083014705 12745632.8736292 11742004.4461028 -1 -0 
16.8838 2.53494 1 0 5.39136782939436 0.572372712320669 58.4659958682242 19.2150211997342 925.490773398805 600.07850620222 18307.7874851202 19523.3113918816 417456.474300291 664535.294483176 10505500.9075574 23282421.7987267 -1 -0 
16.8838 3.21296 1 0 5.01596267220658 0.518338765182358 48.9773486905721 15.7528956054686 682.904311764558 451.512481604402 11801.6354657577 13080.6432614938 235155.992097047 382589.802293183 5176241.98727881 11232276.3001911 -1 -0 
16.8838 4.07234 1 0 4.57308780905806 0.410006679280359 39.2286315261421 10.2389040657653 470.24267233946 232.250585145128 6843.51006024148 5342.65217010938 112086.120878184 125682.433319392 1975502.79953381 2996299.58003573 -1 -0 
16.8838 5.16157 1 0 4.12882211706022 0.351666343241293 31.1229601496832 8.44513729348059 332.013413592306 183.152632911405 4399.27737102828 3959.32456155021 66697.9003185376 85729.7876170163 1094087.07204091 1846135.99119471 -1 -0 
16.8838 6.54213 1 0 3.92637975633445 0.406366227749987 28.066333387802 9.24884757396197 286.019940413043 189.593240821085 3656.51347691488 3904.98622980267 54907.9814227863 81717.3345082285 910255.589056089 1727197.31089652 -1 -0 
16.8838 8.29196 1 0 3.64104188627264 0.350797819609281 23.133843880895 7.11385141574488 201.632458129052 129.226018714252 2117.05091929211 2307.55512423107 25723.0352481829 41181.8204067381 343120.046668316 732075.790481621 -1 -0 
16.8838 10.5098 1 0 3.53652862247757 0.3913577112119 22.8836148183271 8.33260934535567 214.29477512567 157.66923251631 2481.6629362198 2897.75925189075 33798.5493673541 52690.3869083702 609494.229183022 1010749.46816026 -1 -0 
16.8838 13.3209 1 0 3.12405354089753 0.388824591239534 16.4023651531804 6.57519407586272 117.126426574293 97.6722542134787 1087.04692357238 1454.52994540553 13105.6831571828 23540.8417655365 258596.949419936 461505.939728897 -1 -0 
16.8838 16.8838 1 0 3.06915676923552 0.397554706703378 15.5969150730424 7.22924163918833 109.530076934704 111.771295575709 1295.41634814248 1783.3655749545 20922.3777668883 29637.5971765472 342404.628783771 419262.955106485 -1 -0 
16.8838 21.3997 1 0 2.97396811515168 0.430599464264497 12.9738873649698 6.14534103034273 80.3278753925817 68.7758176397897 842.489300235315 830.917498055138 10907.1437023366 12828.3846254123 39115.1810495493 68997.1802203439 -1 -0 
16.8838 27.1236 1 0 2.78254252999531 0.613467366882369 10.5717678854337 6.99109428620102 58.8448943965112 67.3135921726274 858.395611278638 621.400617991718 730.480980647429 982.830125534867 46935.5941608245 26070.5123438804 -1 -0 
16.8838 34.3783 1 0 2.90528312096264 0.836555087435235 13.5614897860847 11.9805396358513 173.38593578307 192.500013336825 1931.66773622781 2787.30974606814 6397.65055295473 6489.36789640424 103050.672570855 66690.804762408 -1 -0 
16.8838 43.5735 1 0 2.80888702899664 1.02753282909183 14.7537361747697 14.9267790267753 227.538605972032 264.95546309645 1983.66959867215 2690.38714999106 7973.22459089558 6317.77383941758 294164.42997111 220513.719917549 -1 -0 
16.8838 55.2281 1 0 2.89755571119195 1.40850539452115 22.7896320322655 19.0868549267434 211.844045803633 271.883090127085 1488.7405206915 1154.74416658076 50701.6748467333 42050.6593558486 1069479.69157131 1092209.17671908 -1 -0 
21.3997 2 1 0 5.82630376040634 0.586201267468351 67.2592574016858 19.6922189203411 1112.22800250424 600.210406917276 22731.4553513707 18446.943010596 529817.175218279 577363.430589939 13428549.8745462 18316137.4503081 -1 -0 
21.3997 2.53494 1 0 5.56012525767495 0.571813239325 63.0674063743515 21.2675363632234 1053.85597678725 714.205970114387 22186.5086165464 23715.1094497063 539709.635835455 787362.774368517 14397708.8132534 26152590.5881519 -1 -0 
21.3997 3.21296 1 0 5.00480826631859 0.4889248686553 49.5904096640687 15.442934954963 717.852938380412 453.027019972628 13048.8453157246 13500.9726010103 273813.616128912 408142.331620189 6309552.69705098 12397097.0392669 -1 -0 
21.3997 4.07234 1 0 4.65093862995545 0.478846770843912 41.7813203636034 13.7211246408658 543.03573625547 350.155305915944 8801.81158942193 8713.45499284594 162746.1678198 214316.11217796 3241528.57455945 5211121.44572036 -1 -0 
21.3997 5.16157 1 0 4.10773786281318 0.356771587909104 30.0087545779727 7.86143592168589 299.360054432654 154.264522810713 3590.43226384938 2964.19761801443 48019.5757052551 56174.8038158982 691933.498161887 1046293.36131825 -1 -0 
21.3997 6.54213 1 0 4.02953170502718 0.491806279014054 30.3703662320904 11.5368871344451 330.706851653852 243.606942255305 4492.0491563104 5057.18987326077 69193.9839790108 103765.862391757 1202397.16323931 2132381.00768311 -1 -0 
21.3997 8.29196 1 0 3.78047736793031 0.327059951901688 26.0471889923589 6.70470404030168 250.279148414056 125.456529716632 2867.54423203669 2278.73825674569 36176.1113977038 40003.57555635 508983.244262737 688478.11916741 -1 -0 
21.3997 10.5098 1 0 3.47874507491136 0.428718223487077 21.3868728829326 8.87864153087026 186.712205762497 161.233503055044 2107.46184936823 2837.33156188512 34250.8478886498 52664.6218964346 744983.545267131 998598.086794073 -1 -0 
21.3997 13.3209 1 0 3.12859924197395 0.356176635303769 15.7096402148816 5.57573452780769 102.975080897913 69.9670023875743 805.473995937939 881.802078327019 9335.79007292683 13618.9828598272 118309.294530321 250338.996626179 -1 -0 
21.3997 16.8838 1 0 3.13764545304319 0.526861855930072 15.8662266704989 8.28806579952852 113.093737052863 109.386963751045 1220.44609119609 1438.48670920978 19356.4052649968 17770.9756232151 175295.624981938 136762.847924707 -1 -0 
21.3997 21.3997 1 0 2.85800021775797 0.544297455943087 12.736240437907 8.06655136895371 108.76537331294 104.466691441994 1437.78517474509 1461.1843936861 15462.6849186299 18406.8404084907 33294.6711292564 35016.5606538547 -1 -0 
21.3997 27.1236 1 0 2.5377241973545 0.614754004397988 9.51433855768181 7.00346848394348 88.1617957977819 91.8796323705499 753.965455745964 1191.0563376686 4618.81017835436 9044.2174573614 43612.131040874 39388.3559765861 -1 -0 
21.3997 34.3783 1 0 2.53751080193791 0.955948326949003 11.6326233785666 9.61130020637676 115.505543623451 87.2412652160951 646.295861018249 485.145116223465 6916.51903569673 5108.68070999613 145614.954139452 112177.800222905 -1 -0 
21.3997 43.5735 1 0 2.82087082536178 1.46864399887478 18.6149823184738 15.5995049234111 141.678702432862 120.153325523486 993.62722233662 524.29975507849 16594.1057729252 12740.8389389963 472277.445459493 384821.357879173 -1 -0 
21.3997 55.2281 1 0 2.5590748695752 1.58130840289352 23.6763249331182 23.9922790250275 256.323237785057 266.701682647097 2887.0662315174 2574.96897120292 81796.3191549357 72279.7747066863 1753544.33032965 1690706.5852727 -1 -0 
27.1236 2 1 0 5.70311275821158 0.488150297129047 64.8568346513141 19.2178738715111 1085.9803125968 712.811757809611 23268.8152208362 27141.3397555788 588186.760891082 1057507.71207063 16665452.0485452 41695384.2014154 -1 -0 
27.1236 2.53494 1 0 5.59450031566132 0.675727478873609 65.8429881107183 27.4346452544244 1185.27053570296 1041.32362558599 27661.662208207 39496.4524068726 760454.29005455 1497960.51009033 23189453.0780408 56644214.8703862 -1 -0 
27.1236 3.21296 1 0 4.86071402268191 0.508726477332175 44.9776304665651 14.6778586820011 592.294044286269 375.796655846604 9643.19734836787 9611.3437192801 179510.229420696 250724.629730772 3640371.76673435 6662448.47095358 -1 -0 
27.1236 4.07234 1 0 4.73106616274859 0.599111346995235 43.1734566413288 15.9284968487482 559.413921187175 378.675524733502 8830.24437366546 9009.76147066112 156436.268952409 218173.16569589 2963003.05988551 5348201.31962651 -1 -0 
27.1236 5.16157 1 0 4.24705953974667 0.336933550357529 32.5167808170076 7.17155844272146 337.467364093591 137.925569850893 4136.41822887558 2671.58797506843 55304.926205619 52855.9625713205 793417.32610751 1066846.16085031 -1 -0 
27.1236 6.54213 1 0 3.82486460495935 0.333940773758675 25.3165470047673 6.58552473390044 224.524518590534 112.227314038522 2342.40629379841 1846.05426616764 28048.2671664549 29584.2586104441 388169.004309015 475042.564900918 -1 -0 
27.1236 8.29196 1 0 3.46434952665594 0.294838346472453 19.8925528749627 6.07003080110423 151.983292780256 110.198548231559 1414.03726670324 1937.58288610926 19213.7729094442 36492.1701742162 421240.745342219 766392.649332314 -1 -0 
27.1236 10.5098 1 0 3.2501967668404 0.34768379584815 16.6662557026455 5.9780921851423 106.56863307399 91.7545648483166 1069.0717464572 1510.60348409958 14314.9672379501 27976.1648208708 324454.68558762 559755.165537582 -1 -0 
27.1236 13.3209 1 0 3.1018551283352 0.429058612294084 14.8836916590108 6.73011725298643 92.716978821688 87.8621616377445 795.160323935002 1163.36613551878 17973.3065599694 15760.7065917299 177562.6939058 189205.64180523 -1 -0 
27.1236 16.8838 1 0 2.8078843547016 0.378951932986608 10.4830390422322 5.30618495805574 51.544536902275 69.9809812860365 1042.89971971261 1676.64803498829 39704.8264689642 26146.1787793844 57397.1917699965 119889.236984974 -1 -0 
27.1236 21.3997 1 0 2.68266346336502 0.640412421060174 10.8011157928304 8.41868306839867 99.9679437212518 111.781587016646 1402.05524362739 1640.96892124609 13410.4212371079 15039.0836361653 20126.8183666757 13903.9222220677 -1 -0 
27.1236 27.1236 1 0 2.66189280174943 0.746250059649263 10.840755343899 10.4209866571408 98.9942799064527 166.582825253834 2329.34934801793 3599.97032474994 4470.17558737824 7361.70548084302 94695.2678563125 52076.0220116064 -1 -0 
27.1236 34.3783 1 0 2.71999876751275 1.32369192000832 19.1143871959364 23.3843847565963 276.908611484749 450.718773926973 4484.18101203999 8898.09448741742 14961.0541429719 23968.9695631027 300792.619405057 235549.765608831 -1 -0 
27.1236 43.5735 1 0 2.53562569621259 1.54240657433932 19.6263561485643 15.609985287333 92.4622694722668 79.5409891679274 1317.12750678324 941.336480691737 29576.6469613078 20663.6815183541 660583.903245078 648677.191115653 -1 -0 
27.1236 55.2281 1 0 2.7371238742991 1.87443748040686 38.89063604432 41.4358850358961 175.87835324956 180.356671465893 4757.20243192929 2787.57387211873 140972.448313974 123886.324721088 3516901.17219447 3178049.14535905 -1 -0 
34.3783 2 1 0 6.01607287409576 0.579652674854009 75.2814595931741 19.9370597078328 1368.09962790822 638.874408531625 30320.7185021017 21020.4474712292 751727.376621988 710603.209558407 19947207.5488383 24432593.9053939 -1 -0 
34.3783 2.53494 1 0 5.60873091466983 0.652687341588186 64.2650787190461 21.4506540769437 1067.87130686268 629.538660012033 21663.0042518921 18143.6979054219 490572.849674915 521582.981366877 11811238.9658181 14980467.7801644 -1 -0 
34.3783 3.21296 1 0 4.95384195652324 0.464416067260416 47.1759698252999 12.7221872393317 635.503282938453 310.414761110839 10365.4101872393 7420.28639843381 187753.002144546 176021.305253269 3584880.43291911 4132150.01437716 -1 -0 
34.3783 4.07234 1 0 4.43345532516711 0.408144423035012 35.712074017918 11.2457016977635 396.165561258483 271.423314146401 5310.14928040866 6332.67353390696 79921.7128223021 144965.853051047 1281724.72364954 3237562.97639895 -1 -0 
34.3783 5.16157 1 0 4.3275762804814 0.477753551792151 35.0794399288032 11.8187265009262 402.996717517719 271.085550553404 5691.65048545479 6367.88292004871 92933.448060985 153079.987754696 1699414.07165146 3743490.27776272 -1 -0 
34.3783 6.54213 1 0 3.88346800510241 0.406227004015854 26.538190248361 8.83543878206039 250.799883950165 164.999655878127 2873.88699076217 2954.49329506686 39375.8387560553 52098.1085597177 676316.92716043 938495.259286543 -1 -0 
34.3783 8.29196 1 0 3.55787690629373 0.352275711177265 20.5984242442133 6.53530222989216 154.83782544962 105.282918420376 1432.88277300533 1625.41893640273 18435.1918399791 26045.9349496975 328882.904065651 431689.921381042 -1 -0 
34.3783 10.5098 1 0 3.24405350960217 0.405299317120551 16.7870765019572 6.25247817883515 108.229665964712 84.5577226148321 915.302487842126 1118.43869131219 12401.714613155 17102.1462485209 242817.229496961 293848.001811704 -1 -0 
34.3783 13.3209 1 0 3.03345654525895 0.527657657792042 14.230405652589 8.23490259480564 102.756247677242 104.879757202887 1196.24741094655 1275.77364860927 13315.3375211706 13815.4566230798 47143.760377557 70895.2442724543 -1 -0 
34.3783 16.8838 1 0 2.66408314661015 0.551651229160336 9.61941335268807 7.27466178641933 78.5429668678495 94.5382195286958 1066.51129809881 1879.42678839108 18474.4103419332 30135.9828858829 44446.388283575 76019.3996695199 -1 -0 
34.3783 21.3997 1 0 2.70392294556266 0.666769213178684 10.9466321914211 9.43616951876155 118.351388239911 169.182529745486 2229.47478406285 3460.35520519981 16490.7131680029 36217.7108775141 64768.8998725474 56231.6363094872 -1 -0 
34.3783 27.1236 1 0 3.04895700891354 1.2838161655735 19.3969186027334 18.5870787636104 237.800854861879 278.499763470453 2767.74778518084 3872.57355472546 5725.24011546891 4195.97043429603 167195.310729029 95995.9086557002 -1 -0 
34.3783 34.3783 1 0 2.39483347918284 1.26441747325238 16.2854071645402 15.5038661316688 188.772759597667 175.294989306287 1284.13396048746 845.5628557704 9072.42285022092 6977.6239860877 357222.02390771 285311.86836298 -1 -0 
34.3783 43.5735 1 0 2.20061880806691 1.55169332582372 24.0360775539698 20.7262635115617 197.001699571433 215.477982345579 2035.52393400212 1459.16946133292 65504.9550722316 73950.7226164317 1891824.0757885 3376428.82924725 -1 -0 
34.3783 55.2281 1 0 2.58918221202412 1.6462424862292 26.1694194769527 20.7242667055249 341.114941671136 307.960534719353 4131.01096318377 2989.66392882751 185395.598721394 169225.006188233 6149793.27121895 7293954.29643046 -1 -0 
43.5735 2 1 0 5.71206804672005 0.434737464902276 63.7564423940261 15.0099257652892 1017.39598809857 480.276426152039 20175.1441487625 15381.9155134317 459678.833277007 496712.902320165 11450782.8232704 16099199.5909226 -1 -0 
43.5735 2.53494 1 0 5.38505949247874 0.504879271160021 57.0659392579787 16.2236428923933 860.734703435958 474.115229925137 15888.4264066942 13978.5079541757 332284.312192623 421377.537040042 7530892.1204661 12921117.6992725 -1 -0 
43.5735 3.21296 1 0 5.06276131221716 0.674604442184478 50.8099958566153 20.6463598375591 746.863712814878 578.002263536235 13766.9519628985 16245.2673205894 291106.560316856 460497.452650847 6673186.55299017 13068866.923254 -1 -0 
43.5735 4.07234 1 0 4.63645541958657 0.474368775829683 40.3008669679769 12.9195283698795 493.467792178302 319.057800566778 7440.42629913729 7962.80267074405 130282.08564305 202915.566872849 2509588.46929603 5244985.24628406 -1 -0 
43.5735 5.16157 1 0 4.21633179475881 0.403767339304199 30.9591400468114 9.03699395042269 300.940418414496 179.774646865945 3409.24576940281 3526.85763006221 42596.0553200595 68803.7552042951 746191.838660977 1471704.49312986 -1 -0 
43.5735 6.54213 1 0 3.84941909277627 0.429117285390093 24.6722721585718 8.09286749108291 205.336558397657 139.908423910734 2019.27053154558 2454.38158324631 27290.6355310176 46456.6252856692 480675.867168956 951001.818255844 -1 -0 
43.5735 8.29196 1 0 3.71412005274442 0.442376419530891 23.2608853840268 8.29755210254873 188.09049970188 135.693507317052 2038.46567982667 2122.19696016717 25656.5901499711 33768.123427838 506986.919467798 516713.806362466 -1 -0 
43.5735 10.5098 1 0 3.32451307165289 0.535650945184863 18.2090965419525 9.68434538000123 151.851649493047 157.759191357625 2253.02987343818 2890.82681233169 38905.7612738803 52104.2680796097 750168.22973438 906066.991077005 -1 -0 
43.5735 13.3209 1 0 2.99706147424137 0.519236426919397 13.0968553880867 7.48584129366163 90.8305583140825 80.3088234698206 1008.64291174196 913.869329596483 11099.4916720362 9308.7834591682 28347.3492970195 16781.5672900261 -1 -0 
43.5735 16.8838 1 0 2.86614452417887 0.694108361590821 13.4893197836145 9.56228753035383 134.355089301531 143.623195627306 2057.15531613159 2227.89972127619 13846.6028781832 22525.6777378714 51662.3871326197 28152.4519375819 -1 -0 
43.5735 21.3997 1 0 2.62802457394093 0.667997866962306 10.0465964060747 7.37345545811795 95.1397972187926 120.95537215103 1297.5002991441 1610.45997113012 2247.5631784625 2186.08884782258 116365.363572519 70084.3647035663 -1 -0 
43.5735 27.1236 1 0 2.1794891086629 0.896832290218452 8.54714252045315 10.1606591382248 94.2236415176169 97.0027207273863 335.557775980117 513.594329425588 10882.6992659206 6838.1247272817 216828.042054716 172981.546939259 -1 -0 
43.5735 34.3783 1 0 2.17353999062382 1.43871918956933 26.7001450984871 30.0847078610336 446.322175359015 600.832584630552 2133.46864439108 3773.99340293672 23370.175163706 19464.9112059959 510864.768733529 435873.175848844 -1 -0 
43.5735 43.5735 1 0 2.39280036439618 1.63554790278733 22.3514936468818 22.1992550547557 282.456496597867 278.740960330379 5170.14578059398 4578.60934727037 83043.3405503658 64768.3732153564 2352170.83708717 2648815.68428089 -1 -0 
43.5735 55.2281 1 0 3.10747125866606 2.74682851565243 50.1752925679058 44.631763126502 595.945205006709 546.292506275306 10133.9666162152 9054.33978803231 190189.560267623 176267.651411028 9768534.49699828 13165147.6084252 -1 -0 
55.2281 2 1 0 5.8281914719801 0.559116390455211 66.5244132985679 18.3595798547928 1071.69929299004 535.521364010195 20954.1573606718 15438.8278825694 458309.871349945 446675.312239208 10684005.2673193 12962460.2501253 -1 -0 
55.2281 2.53494 1 0 5.22223490400845 0.481985602601956 52.0331658824785 15.7938432165911 741.370328351004 468.730160895587 13180.0517178606 13931.0821771529 269858.366809694 419343.661381861 6043915.30206292 12718470.1530927 -1 -0 
55.2281 3.21296 1 0 4.83480644273782 0.334506062186113 43.3037787432621 9.12381735922591 537.587786089867 223.658874214477 8048.15769343511 5361.8524227377 133962.187488525 126988.429502374 2440054.21131532 2985950.0477376 -1 -0 
55.2281 4.07234 1 0 4.61876698099716 0.488985017757572 39.6703710810045 12.9765086744353 480.738912741202 311.498395494249 7170.33151570872 7465.64274037776 120660.622766139 179233.299022099 2444896.65219136 4452632.73990717 -1 -0 
55.2281 5.16157 1 0 4.32601804984756 0.467101191567611 34.0312006871596 10.6887067952996 366.393789273909 219.419990808528 4647.049671612 4507.81815248681 71882.3944606662 97019.8138678048 1195872.16677252 2212547.26184871 -1 -0 
55.2281 6.54213 1 0 3.95974884242088 0.528697137202954 26.7646337686239 10.5358625313779 238.377310427393 189.100076185519 2755.97524999572 3507.09830756487 47014.510242326 75228.9535875647 1055371.58684084 1754498.40247665 -1 -0 
55.2281 8.29196 1 0 3.55585463300695 0.339007026771601 20.0356465577222 6.00537739096486 135.795883592593 90.3807649455597 1256.02636993616 1225.514015545 15236.9090682694 17517.9228448971 260663.927425192 288524.441873363 -1 -0 
55.2281 10.5098 1 0 3.28338000642623 0.464016499328499 16.2592789367296 9.93565201431356 124.730678567925 204.830503637397 2543.42386111026 5436.05446899741 71006.6107170402 139115.117949595 1279311.23104096 2638905.65442341 -1 -0 
55.2281 13.3209 1 0 3.18330189981702 0.547106443256895 15.0416090007974 8.65274331778771 102.326124411201 115.501379608541 1468.27270055598 1715.71462539033 34841.633169177 34720.3897370005 48339.165999965 36052.9361760086 -1 -0 
55.2281 16.8838 1 0 2.65976416678002 0.793867917405049 13.9638967108721 11.3491352280242 160.996477762657 175.062712812388 1476.2738394739 2277.1203370191 8709.0260964164 16355.2183416477 73157.480832486 38783.4067048469 -1 -0 
55.2281 21.3997 1 0 2.52283127360761 0.816133653441459 9.94431180917093 9.4099075833312 110.881165675551 95.911465976683 864.438184136521 750.606186351868 9065.44801340876 3812.74559333906 162347.107226438 142644.427893617 -1 -0 
55.2281 27.1236 1 0 1.96798320780817 1.03356218804277 9.42746158765931 7.03278448975646 72.7284885715946 62.9225142257675 706.503063581944 718.552901790131 12512.2786068213 12195.5977190197 304810.622676671 233700.789698909 -1 -0 
55.2281 34.3783 1 0 2.81583838410527 1.76208357763842 29.9038785353007 30.0604192692854 298.711899286039 333.734682595735 2469.59231706639 1596.90772970017 55770.6434366386 57046.2531395083 1840269.44325448 2935231.66872631 -1 -0 
55.2281 43.5735 1 0 2.98189523679144 2.21664057562085 28.8161239679874 36.0921589405543 346.286738353745 335.782516711204 6705.53571383756 4356.95796442504 138595.411982649 107864.314238022 5680688.15148668 7542288.17710852 -1 -0 
55.2281 55.2281 1 0 4.37102256837463 3.30815729211298 56.2790274678792 41.8704163842928 872.224269333151 766.091400919804 32176.607825019 48156.2792394902 831473.101262027 892869.218902299 57932909.1271627 104724698.034301 -1 -0 
