1.0 1.0715193017491094
1.0715193017491094 1.17
1.1481536140208988 1.17
1.2302687587963899 1.17
1.318256721389251 1.17
1.4125375216290808 1.17
1.51356121887041 1.17
1.6218100603985526 1.17
1.7378007834879379 1.17
1.8620870821020503 1.17
1.9952622500100254 1.17
2.1379620129370993 1.51356121887041
2.290867563268481 1.17
2.454708811793126 1.17
2.6302678720099566 1.17
2.8183827936292243 1.17
3.0199515630912908 1.0715193017491094
3.2359363901997114 1.0715193017491094
3.4673683013313283 1.17
3.7153520611495403 1.17
3.9810714463150694 1.17
4.26579489636884 1.1481536140208988
4.570881568762053 1.1481536140208988
4.8977878269377895 1.4125375216290808
5.248074192435667 1.7378007834879379
5.623412794206187 1.4125375216290808
6.025595350694822 1.4125375216290808
6.456541722799195 1.8620870821020503
6.918309078527785 1.9952622500100254
7.413101713108617 1.9952622500100254
7.943281571425271 1.9952622500100254
8.511379523010174 2.1379620129370993
9.12010744341753 2.290867563268481
9.772371159647605 2.454708811793126
10.47128432141874 2.454708811793126
11.220183264503003 3.0199515630912908
12.0226429370773 3.2359363901997114
12.88249396511593 3.2359363901997114
13.803840938288136 3.4673683013313283
14.791082003650274 3.9810714463150694
15.848929860665159 4.26579489636884
16.98243425777054 3.9810714463150694
18.197006097886444 4.570881568762053
19.498443267931567 4.570881568762053
20.892958315648652 4.8977878269377895
22.387208105857095 6.025595350694822
23.988325597699994 6.456541722799195
25.703953894577783 6.456541722799195
27.542282729309285 6.456541722799195
29.51208755868604 7.413101713108617
31.622771454041843 7.413101713108617
33.88440998780658 8.511379523010174
36.307799330315056 9.12010744341753
38.90450778646597 9.772371159647605
41.6869310182468 9.772371159647605
44.6683512167351 11.220183264503003
47.863000506039974 11.220183264503003
51.286128881849216 12.0226429370773
54.954077008893904 12.88249396511593
58.88435422483678 13.803840938288136
63.09572212294432 14.791082003650274
67.60828411253313 16.98243425777054
72.44358138471691 18.197006097886444
77.62469574155664 19.498443267931567
83.17635977947982 20.892958315648652
89.12507495294092 22.387208105857095
95.4992380819123 23.988325597699994
102.32927690710261 25.703953894577783
109.6477953399899 27.542282729309285
117.48972910103517 27.542282729309285
125.89251248903328 29.51208755868604
134.8962570776899 31.622771454041843
144.5439431924547 33.88440998780658
154.88162508164191 4.8977878269377895
165.95865076124835 4.8977878269377895
177.82789758291705 5.623412794206187
190.5460246495595 5.623412794206187
204.17374328356448 6.456541722799195
218.77610683870702 6.918309078527785
234.42282123919978 6.918309078527785
251.18857772828375 7.943281571425271
269.15340941476234 7.943281571425271
288.40307331949845 9.12010744341753
309.029459745606 9.12010744341753
331.1310309265164 9.772371159647605
354.8132910458434 10.47128432141874
380.1892898727458 11.220183264503003
407.3801624169341 12.0226429370773
436.51570717943224 12.88249396511593
467.73500575942364 13.803840938288136
501.1870867749535 14.791082003650274
537.0316372667683 15.848929860665159
575.4397649812687 18.197006097886444
616.5948151714003 19.498443267931567
660.6932458145803 20.892958315648652
707.9455654255914 22.387208105857095
758.5773379412085 23.988325597699994
812.8302594734615 25.703953894577783
870.9633120715513 25.703953894577783
933.2539999999998 27.542282729309285
