1.0 3.2359363901997114
1.0715193017491094 1.9952622500100254
1.1481536140208988 2.454708811793126
1.2302687587963899 2.85
1.318256721389251 3.2359363901997114
1.4125375216290808 2.6302678720099566
1.51356121887041 3.7153520611495403
1.6218100603985526 2.290867563268481
1.7378007834879379 2.8183827936292243
1.8620870821020503 2.6302678720099566
1.9952622500100254 3.2359363901997114
2.1379620129370993 2.8183827936292243
2.290867563268481 2.6302678720099566
2.454708811793126 2.6302678720099566
2.6302678720099566 2.454708811793126
2.8183827936292243 2.290867563268481
3.0199515630912908 2.8183827936292243
3.2359363901997114 2.290867563268481
3.4673683013313283 2.6302678720099566
3.7153520611495403 2.1379620129370993
3.9810714463150694 2.290867563268481
4.26579489636884 2.8183827936292243
4.570881568762053 2.1379620129370993
4.8977878269377895 3.2359363901997114
5.248074192435667 3.0199515630912908
5.623412794206187 1.9952622500100254
6.025595350694822 3.4673683013313283
6.456541722799195 2.454708811793126
6.918309078527785 3.0199515630912908
7.413101713108617 2.6302678720099566
7.943281571425271 3.7153520611495403
8.511379523010174 3.7153520611495403
9.12010744341753 3.4673683013313283
9.772371159647605 3.4673683013313283
10.47128432141874 3.7153520611495403
11.220183264503003 4.570881568762053
12.0226429370773 4.26579489636884
12.88249396511593 4.570881568762053
13.803840938288136 6.025595350694822
14.791082003650274 5.248074192435667
15.848929860665159 5.623412794206187
16.98243425777054 6.025595350694822
18.197006097886444 6.456541722799195
19.498443267931567 6.918309078527785
20.892958315648652 7.413101713108617
22.387208105857095 7.943281571425271
23.988325597699994 8.511379523010174
25.703953894577783 9.12010744341753
27.542282729309285 11.220183264503003
29.51208755868604 10.47128432141874
31.622771454041843 11.220183264503003
33.88440998780658 3.0199515630912908
36.307799330315056 3.7153520611495403
38.90450778646597 3.4673683013313283
41.6869310182468 3.7153520611495403
44.6683512167351 3.9810714463150694
47.863000506039974 4.26579489636884
51.286128881849216 4.570881568762053
54.954077008893904 4.8977878269377895
58.88435422483678 5.248074192435667
63.09572212294432 5.623412794206187
67.60828411253313 6.025595350694822
72.44358138471691 6.456541722799195
77.62469574155664 6.918309078527785
83.17635977947982 7.413101713108617
89.12507495294092 7.943281571425271
95.4992380819123 8.511379523010174
102.32927690710261 9.12010744341753
109.6477953399899 9.772371159647605
117.48972910103517 10.47128432141874
125.89251248903328 5.248074192435667
134.8962570776899 5.248074192435667
144.5439431924547 5.623412794206187
154.88162508164191 6.025595350694822
165.95865076124835 6.456541722799195
177.82789758291705 6.918309078527785
190.5460246495595 7.413101713108617
204.17374328356448 7.943281571425271
218.77610683870702 8.511379523010174
234.42282123919978 9.12010744341753
251.18857772828375 9.772371159647605
269.15340941476234 10.47128432141874
288.40307331949845 6.456541722799195
309.029459745606 12.0226429370773
331.1310309265164 7.413101713108617
354.8132910458434 13.803840938288136
380.1892898727458 8.511379523010174
407.3801624169341 8.511379523010174
436.51570717943224 9.772371159647605
467.73500575942364 10.47128432141874
501.1870867749535 11.220183264503003
537.0316372667683 7.413101713108617
575.4397649812687 7.943281571425271
616.5948151714003 8.511379523010174
660.6932458145803 9.12010744341753
707.9455654255914 9.772371159647605
758.5773379412085 10.47128432141874
812.8302594734615 11.220183264503003
870.9633120715513 12.0226429370773
933.2539999999998 12.88249396511593
