2 9.18573071763535 0.362637582775369 602.6788763101 93.9038643460686 83449.6388972438 33236.4509746704 17266502.8111984 13275693.0824011 4588183914.27551 5589115967.04581 1435204181926.61 2417866308141.49 499959969052900 1.06229990451625e+15 1.87014872901794e+17 4.71052432219938e+17 
2.31799 6.92054048786634 0.340656538664651 327.594539057286 75.8452329310208 35258.6521177563 24529.5789440912 6386874.28182467 8881766.45512357 1619811588.77126 3291288372.11222 496198855372.472 1223737683674.46 167132741546728 454687361657916 5.88935542933823e+16 1.68678574232184e+17 
2.68655 5.21091470905982 0.184047960092872 172.049162871583 26.9142975768832 11846.9177731135 4662.40197763868 1209442.74205866 886028.004901288 157518628.338557 177223448.386325 24013965557.225 36443102951.9419 4054316761163.34 7610267986992.41 718531308232052 1.59931357736083e+15 
3.1137 3.97348002234395 0.204315591814306 91.7373297746777 20.4811224784256 4352.20987939515 2863.54735082457 315518.144123914 458782.871741819 30587588.7988533 77152543.8990673 3626818959.17477 13190499580.9067 491769135181.426 2265757182618.11 115426892656592 501514742735309 
3.60877 3.05885323517666 0.142348919608669 53.6619923982154 10.7294144554162 2023.92378222024 944.403582231332 115757.021626797 86648.3545354939 8293110.81750708 8080984.52741187 669004216.621182 760379165.77259 57479929784.5316 71925117764.426 7831937758103.21 4289771699084.22 
4.18256 2.32575474800132 0.129674564855713 29.1684448185698 6.94532362491218 793.426289381025 486.916467636401 34415.7081184642 38811.3052638351 1986246.41210476 3278693.27824847 135264393.120427 284679147.803431 10115990300.4335 25043511676.5863 3605108032553.61 2123587588427.37 
4.84757 1.7948546430474 0.0924542383603124 16.19134072302 3.49860014894571 315.135826188069 183.83243342518 9911.06283504797 10792.2858035091 415299.287464973 656865.553542449 20314353.4864987 40802930.9876407 1077274530.19428 2573558725.21183 -1 -0 
5.61832 1.3671502192391 0.0772480573592384 8.71482790109886 2.22448906617365 118.690527006356 86.8607395606683 2702.90064783188 3729.89237746931 84555.6540406662 165318.023305704 3123099.07225717 7440436.57736312 125127398.8156 337445614.440141 -1 -0 
6.51162 1.05051819429602 0.0578171101207818 4.88757275864262 1.26287260005457 48.0856229160992 32.7822668363337 762.450680831192 934.155186596628 15983.5801998675 27819.825680715 388384.424625034 846490.356305882 10175191.3025917 25984121.7972237 -1 -0 
7.54695 0.818110860307329 0.0379778452006155 2.79021051500801 0.503137973474685 18.704284130385 8.28368267417765 185.9839956951 146.953116680653 2329.40581905915 2654.38259238954 33284.2333682494 47921.1792004207 510170.698096849 856284.751054395 -1 -0 
8.7469 0.623074177935665 0.0302608903831134 1.4660864652423 0.251207052869864 6.39022919446073 2.99909369979046 41.6317736584747 41.9802999736621 360.769384328954 617.59316734846 3780.62041023622 9210.44957242964 48164.8264199343 142268.901889801 -1 -0 
10.1376 0.492092904989572 0.028735726860917 0.948010126645507 0.208618733397786 3.70704125056103 1.97558346512928 22.4552016737265 20.8380081298407 173.022091105435 224.018201824429 1498.82892879476 2389.76667746745 14764.3587926784 25659.9152868457 -1 -0 
11.7495 0.368976462114791 0.0219283877016949 0.472944868121019 0.101813319941364 1.13160402392073 0.611858929108425 4.11780160432528 4.05901536808002 19.7753162012145 27.8603732755059 123.563846171534 199.548536022937 845.971778449221 1422.43338227149 -1 -0 
13.6176 0.289255557464761 0.0167851508630732 0.276649033850853 0.0535274743481079 0.452983789779603 0.227845805031825 1.02447950351659 1.07958958375634 2.93834804521378 5.26414586315685 12.7656604722513 28.5157444692108 60.0570021516168 150.548356791758 -1 -0 
15.7828 0.226883634874999 0.0173325281836672 0.167848601419706 0.0485272225912874 0.211211060941886 0.148739057528123 0.373655652107737 0.465188104258755 1.04106945906709 1.49427945027083 3.65188713948305 4.34735382267515 8.16381791081702 9.7642635512221 -1 -0 
18.2922 0.166292881839621 0.0126366681669356 0.0861069610145528 0.0260228021211321 0.0777674875295555 0.0608407013387239 0.106934412139198 0.15034327451965 0.301920237669843 0.435776415976432 1.14899542347344 1.03677961591581 1.1631562843329 1.44319706918772 -1 -0 
21.2006 0.129937040615055 0.0153563054030016 0.0489098305954523 0.0146518526993736 0.0286408189675306 0.0166531379820768 0.0258829598980334 0.0227961783827459 0.0345785176497696 0.0347027664401023 0.064696838721941 0.0547818670986616 0.0270953388009602 0.0238224014189466 -1 -0 
24.5715 0.0998142192821096 0.0103230475860511 0.0286918291073962 0.0102319648938109 0.0116530050606431 0.010167339397149 0.00977539991624451 0.0107993426340365 0.00891757241741615 0.00773245085058728 0.00337024491030456 0.005183311578319 0.00419767120616659 0.00316026755849492 -1 -0 
28.4782 0.0756914748569185 0.0101915765034991 0.0166496818487007 0.00765052853783753 0.00676842480891723 0.00758352608163333 0.00816873231028773 0.011245748506342 0.00941463451471121 0.0117550561970512 0.00140479255703432 0.00180226649878282 0.00168293727285463 0.00179327654726588 -1 -0 
33.0062 0.0540686566115507 0.00881766685565063 0.00851893170991229 0.00810085446357901 0.00518792066881164 0.00895122071425447 0.00690616484635843 0.0108420021027268 0.00495599298700367 0.00920061889466926 0.000388111175328053 0.000942773511288033 0.000321639842414348 0.000430571973286893 -1 -0 
38.2541 0.0365416200148418 0.00662822925514229 0.00411933854442389 0.00234250649552721 0.00107607028210158 0.000888407241078657 0.00030793176909904 0.000346936474807988 7.18907353776836e-05 5.10611701594365e-05 8.64294555472607e-05 9.81935655396463e-05 0.000156957884975219 0.000225693741292335 -1 -0 
44.3364 0.0291137611695671 0.00846360864858924 0.00267858935930698 0.0030436524888831 0.000850853719919539 0.00184119580578137 0.000308900902912631 0.000631068426707057 4.29363666185242e-05 6.01124036255539e-05 5.875044782014e-05 8.55614682930444e-05 5.53705620542885e-05 8.97431960654662e-05 -1 -0 
51.3858 0.0199817779584796 0.00515528337820874 0.00166924132103802 0.00168336095863831 0.000563085271674684 0.000652482836356306 8.01891496919516e-05 6.80717219971144e-05 3.7643532425891e-05 3.96001812266757e-05 1.57398885375874e-05 2.30035035533327e-05 1.51204426398503e-05 3.31460691070202e-05 -1 -0 
59.556 0.011911662775158 0.00430713494283959 0.000694636789944511 0.00081977228470907 9.29585925518256e-05 0.000134672479796568 1.92439519443384e-05 2.11213789388101e-05 9.34176979456308e-06 9.44596299675282e-06 7.7277847189996e-06 1.20389631137649e-05 4.87628328707191e-06 1.66675827214805e-05 -1 -0 
69.0252 0.00792815962264881 0.00479882444036914 0.000586449645774536 0.000870274257138332 0.000167638794926201 0.00019098771671457 9.44896472833749e-06 1.0425434659857e-05 2.49058608966009e-06 4.46712605755499e-06 3.03936571757082e-06 7.86277108492622e-06 3.5207006270283e-06 8.22259514496278e-06 -1 -0 
