2 1 0 7.10375886150867 0.741572883127247 105.788909678674 37.8212559085495 2348.94280955179 1785.80756183443 67227.612589982 85098.3675744075 2281144.85490691 4120334.64206075 86854325.3366565 201980128.132402 3573430690.31247 9984422020.60756 
2.31799 1 0 6.75772905039154 0.958542554769149 100.753639174965 55.2218120028443 2439.57805425105 2903.98803827381 81276.1381868534 149921.157688168 3278793.17149392 7689873.85416722 146830930.977344 393361931.045667 6938980926.71013 20095662206.8681 
2.68655 1 0 6.29886701852388 0.615191449548898 81.8183938471706 25.2633922089785 1556.1821558308 945.903317777226 37369.6286375766 35333.6396033775 1042809.68429531 1328546.21170291 32074376.3964158 50211443.0417204 1028533310.70179 1900504553.4914 
3.1137 1 0 5.74683122301263 0.655035334250972 66.0794690047835 25.8548756130079 1110.67204092365 937.222802392038 23687.1376643262 33935.2092524448 590396.457839685 1235115.22170373 16331928.5382854 45072509.0520417 706619417.651497 2099231755.83194 
3.60877 1 0 5.67948196906893 0.67391409911245 68.1686427339536 24.5112418896545 1226.71306047103 776.888563020762 27615.9768273325 23989.7429566566 702772.42532551 738539.946553558 19141949.5140875 22796791.6728295 849753751.981062 520518037.841766 
4.18256 1 0 5.31960009228158 0.723357004129606 59.7394535133712 27.5816372028341 1042.25924228108 973.721014312357 23884.5758695088 34425.8544182443 644869.401331047 1224874.939679 19181094.5392728 43751786.6605518 2669966989.08398 1547035827.69928 
4.84757 1 0 4.96892490993722 0.665345573038796 52.0864450795173 24.423716430407 864.460707249013 806.634203020642 18959.4437871355 26185.7790097424 485185.419967296 850186.615038469 13470017.2100539 27740217.5758093 -1 -0 
5.61832 1 0 4.59268402355739 0.675243939779148 43.3994830160978 23.8833558194001 659.018179579734 750.055079958326 13544.190144412 23187.6739362651 329775.61858021 718496.271709788 8774761.2776291 22356023.6275064 -1 -0 
6.51162 1 0 4.35885755647492 0.611306473296683 38.6945524138202 17.7714073887561 532.319655853038 464.201939774068 9480.59979138976 12012.9355966205 194354.008233154 312554.095574052 4286790.16761946 8181983.20116122 -1 -0 
7.54695 1 0 4.1356100838299 0.441234912340161 33.1440546741361 11.5683719732965 388.995458821514 264.977126737575 5714.51131221319 5899.89896438473 95747.8963229464 129976.216444703 1726800.32521236 2835578.05851088 -1 -0 
8.7469 1 0 3.74910170762012 0.351382762537278 25.6477170268869 9.47578386028995 257.494060237319 229.189074908629 3396.54630133558 5455.68916352879 54060.0669461986 129560.103899139 1051101.79420029 3180024.29254206 -1 -0 
10.1376 1 0 3.86906140675237 0.465379413599124 29.8054748045816 11.969741295459 350.402009126978 273.342309318808 5210.37088564349 6031.07550964208 87134.6760477765 130109.909773041 1662554.44998092 2814812.98256503 -1 -0 
11.7495 1 0 3.43563845127728 0.421988660342345 21.5704592425491 8.95291401197667 201.263952950543 166.175658868344 2443.50182826418 2998.39666223423 38455.5944490168 55051.9542297693 662537.790282142 1002689.41381326 -1 -0 
13.6176 1 0 3.28017093812969 0.393143490194054 18.2502798842091 8.13173070683457 139.642741432028 145.975915358666 1363.15859952935 2541.43580636401 20403.8830932374 48480.4480303484 337808.006905576 893849.808975162 -1 -0 
15.7828 1 0 3.20004116214032 0.506947755511551 16.9045270782516 8.45455548675102 122.419938291934 120.938366711572 1401.22390537498 1711.62678426217 20978.7854760803 23534.8874237502 227137.913886812 294092.011289679 -1 -0 
18.2922 1 0 3.05068283873159 0.523392595399506 15.5002483879696 8.57203391822732 113.098629166684 121.09025419464 1626.66188685523 1917.65398927496 32691.2290115458 25536.9929122261 194804.715044758 281511.691046146 -1 -0 
21.2006 1 0 2.84453654640405 0.423971360781825 12.9175932098974 7.32478554428644 102.05993626735 111.46559796354 1353.77204548973 1916.82026488701 28230.2026166472 30078.9141852222 73260.7588297296 119616.128047428 -1 -0 
24.5715 1 0 2.80144271952886 0.546200112469388 10.580743388206 6.88388130637563 84.8071306200285 91.6772777404446 1003.55466853431 1323.15544269543 5535.99327566038 11311.8483108609 55327.8225508587 46176.0448007468 -1 -0 
28.4782 1 0 2.76108203669648 0.895828683896218 13.3763239914399 13.2922805547614 194.598228520876 243.826394346856 2739.53135793678 3195.22978432052 9438.87592847959 9049.27719329756 123823.267963955 104238.786304892 -1 -0 
33.0062 1 0 2.56191540998265 1.57106477407324 19.8420977381485 27.7121043559063 359.785238295227 543.004347364595 3954.63590652901 7926.43844395338 13629.4303635885 14216.9316652779 351473.941919137 285010.662722593 -1 -0 
38.2541 1 0 2.96430386020847 1.47980527645769 23.5425848176238 24.2913900430016 234.388166160813 258.368596993928 1376.18124666819 1087.65350904988 41242.5871820333 33075.7706023974 1092709.74020815 1181681.80589985 -1 -0 
44.3364 1 0 2.72730543287804 1.92520414039583 18.168367695885 18.8022500856054 171.426904322305 165.164746746542 3033.21161521046 3591.15138960069 94386.4542465298 96465.3683908853 2867116.2479293 3657361.15405995 -1 -0 
51.3858 1 0 3.45497884611516 2.48238168785546 43.0789547137938 51.0917544111392 503.837368221501 441.819116441352 9492.11112760526 6631.88243188518 400869.308714116 507330.327728261 9477858.18546642 9223666.32686788 -1 -0 
59.556 1 0 3.94034990670452 3.67445375452012 81.7543415951653 95.0747100494799 1643.63234366021 1304.64515807129 53406.7274912235 66034.0056291791 1506932.34008889 1843769.51812189 55601427.7525621 84032187.4647145 -1 -0 
69.0252 1 0 5.4272495942938 4.09994326765906 118.49286140279 75.8168224967072 14681.7482836544 53816.2805649869 220859.229814213 285110.29570678 10193025.5648583 13663012.3459607 13046324534.7813 67730683772.9918 -1 -0 
